(1, 1, 2, 14, 0) : 8.62213e-07
(0, 1, 4, 5, 3) : 3.53635e-06
(2, 0, 0, 8, 2) : 6.91146e-05
(2, 0, 4, 11, 5) : 9.74957e-07
(1, 1, 0, 6, 3) : 0.047516
(2, 0, 5, 2, 8) : 9.89275e-06
(1, 1, 4, 4, 3) : 1.3679e-06
(2, 0, 2, 6, 5) : 0.00305164
(0, 2, 7, 10, 3) : 5.40667e-07
(0, 2, 7, 5, 6) : 1.69166e-06
(0, 2, 3, 2, 5) : 0.000376799
(1, 0, 2, 6, 5) : 1.31661e-07
(2, 0, 1, 9, 1) : 1.39502e-07
(2, 0, 3, 12, 1) : 2.27326e-05
(2, 0, 5, 10, 6) : 4.60946e-07
(2, 0, 7, 5, 4) : 1.9955e-07
(0, 2, 2, 12, 2) : 1.47635e-07
(1, 0, 6, 6, 4) : 1.23024e-07
(0, 2, 1, 1, 6) : 2.58959e-05
(0, 2, 4, 9, 0) : 3.00368e-07
(0, 2, 4, 6, 1) : 1.45958e-07
(0, 2, 6, 7, 1) : 1.73289e-07
(1, 1, 6, 10, 3) : 7.01088e-06
(2, 0, 8, 8, 6) : 5.92542e-07
(1, 0, 5, 1, 6) : 1.47766e-07
(1, 1, 2, 9, 4) : 2.28934e-05
(0, 1, 4, 2, 5) : 6.59163e-07
(2, 0, 4, 6, 7) : 1.54646e-05
(1, 1, 8, 8, 2) : 2.88102e-07
(0, 2, 7, 6, 6) : 7.61338e-07
(0, 1, 1, 7, 1) : 1.87417e-05
(1, 1, 5, 3, 5) : 0.000212043
(2, 0, 8, 2, 7) : 5.53809e-07
(1, 1, 3, 3, 8) : 1.84202e-06
(0, 2, 3, 6, 5) : 1.71848e-05
(0, 2, 6, 8, 1) : 2.14407e-06
(1, 0, 2, 2, 5) : 1.61582e-05
(2, 0, 7, 9, 4) : 4.49356e-06
(1, 1, 7, 4, 8) : 4.14672e-07
(1, 1, 4, 8, 5) : 1.9794e-05
(2, 0, 0, 2, 6) : 0.0220462
(2, 0, 8, 9, 3) : 4.59659e-07
(2, 0, 6, 2, 9) : 5.61506e-07
(1, 0, 1, 6, 3) : 3.92461e-05
(0, 2, 0, 5, 2) : 0.000746025
(0, 2, 7, 9, 4) : 6.43324e-07
(0, 2, 2, 2, 4) : 0.00259131
(1, 0, 3, 6, 4) : 3.6372e-06
(0, 1, 3, 9, 1) : 5.42832e-07
(1, 1, 0, 9, 1) : 0.000276169
(2, 0, 6, 11, 3) : 3.85289e-06
(0, 2, 1, 13, 0) : 1.21092e-07
(0, 2, 7, 2, 6) : 2.77704e-06
(1, 0, 4, 4, 3) : 5.86303e-06
(0, 2, 3, 3, 3) : 6.85654e-05
(1, 1, 3, 12, 1) : 1.61063e-05
(0, 1, 5, 2, 4) : 8.39726e-07
(0, 1, 2, 8, 2) : 8.34559e-07
(2, 0, 5, 11, 2) : 9.8989e-06
(1, 1, 1, 14, 1) : 1.06744e-07
(0, 2, 8, 9, 4) : 2.4322e-07
(1, 1, 8, 4, 4) : 1.17268e-06
(1, 1, 6, 0, 7) : 1.0576e-06
(1, 1, 6, 9, 5) : 2.27163e-06
(1, 1, 4, 13, 2) : 9.22119e-07
(1, 0, 1, 10, 2) : 1.26883e-07
(2, 0, 4, 9, 5) : 2.757e-05
(0, 1, 3, 5, 4) : 1.10707e-06
(2, 0, 9, 6, 5) : 2.8004e-07
(0, 2, 5, 9, 3) : 8.64294e-06
(0, 2, 3, 5, 2) : 5.67718e-05
(0, 2, 8, 6, 6) : 2.54955e-07
(0, 1, 5, 8, 3) : 7.30412e-08
(0, 2, 7, 7, 2) : 3.34854e-06
(1, 1, 7, 8, 6) : 6.41917e-07
(1, 1, 3, 9, 3) : 0.000240528
(1, 0, 2, 4, 5) : 3.52434e-06
(2, 0, 1, 15, 1) : 2.9076e-07
(2, 0, 3, 14, 1) : 2.64597e-06
(2, 0, 7, 7, 4) : 7.66113e-06
(1, 1, 8, 3, 8) : 2.27596e-07
(2, 0, 8, 3, 9) : 7.27054e-08
(2, 0, 8, 10, 4) : 5.32456e-07
(1, 0, 6, 4, 4) : 2.51096e-07
(1, 0, 4, 3, 6) : 3.78419e-07
(2, 0, 5, 6, 5) : 0.00020821
(1, 1, 4, 11, 3) : 7.68136e-06
(2, 0, 7, 1, 9) : 1.36335e-07
(1, 1, 2, 11, 4) : 2.63312e-07
(1, 0, 3, 8, 4) : 1.45898e-07
(1, 1, 4, 0, 6) : 1.99046e-05
(2, 0, 6, 1, 7) : 3.62816e-06
(0, 1, 3, 1, 4) : 4.73514e-06
(2, 0, 3, 8, 2) : 1.65201e-06
(1, 1, 7, 13, 2) : 9.57159e-08
(0, 1, 1, 5, 1) : 5.71426e-06
(1, 1, 5, 1, 5) : 1.72409e-06
(2, 0, 3, 3, 7) : 0.000282906
(1, 1, 7, 4, 5) : 1.88422e-05
(0, 2, 6, 10, 1) : 1.47338e-06
(1, 0, 2, 0, 5) : 3.98363e-06
(2, 0, 5, 12, 2) : 4.65514e-06
(0, 2, 4, 2, 4) : 0.000209785
(2, 0, 7, 11, 4) : 7.08313e-07
(1, 1, 3, 4, 4) : 0.003637
(2, 0, 3, 5, 8) : 2.33133e-06
(2, 0, 5, 3, 7) : 5.54018e-05
(2, 0, 8, 6, 4) : 6.35539e-07
(2, 0, 2, 12, 3) : 1.01828e-05
(1, 1, 4, 7, 6) : 7.72243e-06
(2, 0, 2, 5, 4) : 0.000840067
(1, 0, 5, 7, 2) : 8.48515e-07
(0, 1, 4, 4, 5) : 2.0576e-07
(0, 2, 5, 3, 7) : 2.48769e-06
(2, 0, 4, 8, 3) : 0.000275369
(1, 1, 0, 7, 1) : 5.44422e-07
(2, 0, 6, 5, 7) : 1.11622e-05
(1, 1, 2, 0, 5) : 8.02301e-07
(0, 1, 1, 3, 2) : 1.01445e-05
(0, 2, 1, 11, 0) : 1.15663e-05
(2, 0, 1, 1, 9) : 1.93836e-07
(0, 2, 3, 10, 2) : 1.39238e-05
(1, 0, 6, 7, 3) : 8.68309e-08
(0, 2, 1, 2, 3) : 1.11583e-05
(1, 1, 3, 14, 1) : 4.90319e-07
(1, 0, 2, 5, 3) : 9.5903e-05
(2, 0, 1, 8, 3) : 0.0150677
(1, 1, 1, 6, 2) : 4.1642e-05
(1, 0, 4, 9, 2) : 7.69267e-07
(1, 0, 2, 12, 0) : 8.35104e-08
(2, 0, 1, 7, 6) : 6.19474e-06
(0, 1, 2, 5, 3) : 1.00482e-05
(0, 2, 2, 6, 3) : 0.00108075
(1, 0, 1, 3, 3) : 2.39658e-05
(2, 0, 4, 14, 2) : 7.69856e-07
(1, 1, 2, 10, 0) : 1.83692e-07
(1, 0, 3, 11, 0) : 1.37684e-07
(1, 1, 4, 3, 6) : 0.00026239
(1, 1, 6, 4, 4) : 3.80619e-05
(1, 1, 2, 3, 7) : 2.44795e-05
(2, 0, 9, 4, 5) : 7.83932e-08
(0, 2, 1, 8, 4) : 3.44045e-07
(1, 1, 5, 8, 3) : 0.000122875
(2, 0, 4, 5, 8) : 3.16073e-06
(1, 1, 7, 10, 2) : 1.75818e-06
(2, 0, 1, 13, 1) : 4.44095e-05
(2, 0, 3, 10, 5) : 5.37326e-06
(1, 1, 7, 5, 7) : 1.74207e-06
(1, 1, 9, 8, 3) : 3.18273e-07
(1, 1, 3, 2, 4) : 3.1057e-06
(2, 0, 1, 4, 6) : 0.0020437
(2, 0, 8, 8, 4) : 1.49029e-06
(0, 2, 4, 13, 0) : 1.53481e-07
(1, 0, 5, 4, 5) : 7.77765e-07
(0, 2, 2, 1, 5) : 0.000529634
(1, 1, 2, 12, 3) : 5.24995e-07
(0, 1, 4, 7, 2) : 1.5262e-06
(2, 0, 0, 10, 1) : 9.39035e-06
(1, 0, 1, 6, 1) : 2.29147e-07
(2, 0, 2, 11, 1) : 1.3635e-05
(1, 1, 4, 6, 2) : 8.00176e-07
(0, 2, 9, 3, 6) : 2.33692e-07
(2, 0, 6, 4, 9) : 2.91962e-07
(0, 2, 3, 0, 6) : 2.11079e-05
(2, 0, 1, 11, 4) : 9.93488e-07
(0, 1, 3, 3, 4) : 6.04775e-06
(1, 1, 7, 6, 5) : 1.44279e-05
(2, 0, 7, 2, 8) : 1.1481e-06
(0, 2, 1, 3, 5) : 0.000153557
(0, 2, 6, 12, 1) : 2.04739e-07
(0, 2, 6, 5, 2) : 6.46234e-07
(1, 1, 6, 8, 2) : 9.50753e-06
(2, 0, 1, 0, 6) : 1.93907e-06
(1, 1, 5, 5, 6) : 4.88865e-05
(2, 0, 6, 5, 8) : 1.56532e-06
(0, 2, 6, 10, 0) : 1.36333e-07
(0, 2, 2, 5, 5) : 3.56859e-05
(2, 0, 2, 7, 4) : 0.00594465
(0, 1, 1, 8, 1) : 3.22341e-06
(2, 0, 2, 0, 8) : 2.18557e-05
(1, 1, 6, 3, 8) : 1.38631e-06
(0, 2, 7, 4, 7) : 5.03845e-07
(1, 1, 7, 9, 5) : 1.04717e-06
(2, 0, 6, 7, 3) : 7.84653e-07
(1, 1, 2, 2, 5) : 0.00509154
(0, 2, 5, 8, 5) : 1.31985e-06
(0, 2, 1, 9, 0) : 9.61607e-06
(0, 2, 3, 4, 6) : 1.38768e-05
(0, 2, 5, 7, 4) : 2.55097e-05
(0, 2, 8, 7, 2) : 6.84001e-07
(0, 2, 1, 0, 7) : 5.55609e-07
(1, 1, 1, 13, 1) : 1.69729e-06
(1, 1, 3, 8, 1) : 7.42401e-07
(1, 1, 7, 2, 5) : 2.80797e-06
(2, 0, 2, 8, 6) : 5.53309e-06
(2, 0, 2, 1, 9) : 1.17688e-06
(0, 2, 2, 0, 7) : 1.99133e-06
(0, 1, 4, 8, 2) : 4.94093e-07
(0, 2, 4, 5, 3) : 0.000490319
(2, 0, 2, 3, 4) : 1.66797e-07
(1, 1, 2, 15, 0) : 1.06356e-07
(0, 2, 9, 4, 6) : 2.35796e-07
(0, 2, 7, 0, 7) : 1.25908e-07
(1, 0, 2, 1, 6) : 1.42807e-06
(0, 1, 5, 4, 3) : 1.70474e-06
(2, 0, 3, 11, 2) : 0.0001338
(2, 0, 7, 8, 5) : 5.67309e-06
(1, 1, 3, 5, 3) : 0.000204518
(1, 1, 8, 6, 7) : 2.47349e-07
(0, 1, 2, 1, 6) : 7.80756e-08
(1, 1, 7, 7, 3) : 9.55966e-06
(0, 2, 6, 11, 3) : 3.06483e-07
(1, 1, 0, 5, 3) : 0.00404974
(1, 0, 0, 3, 3) : 7.12252e-05
(0, 2, 6, 4, 6) : 6.58011e-06
(1, 0, 5, 6, 5) : 1.61266e-07
(0, 2, 2, 3, 5) : 0.000337778
(1, 0, 1, 8, 1) : 6.11523e-05
(2, 0, 2, 13, 1) : 2.76216e-05
(0, 2, 5, 11, 2) : 1.42697e-06
(2, 0, 1, 9, 4) : 0.00017407
(0, 1, 5, 3, 5) : 2.81032e-07
(2, 0, 3, 12, 2) : 3.88146e-05
(2, 0, 7, 5, 7) : 3.95196e-06
(0, 2, 5, 0, 8) : 1.24541e-07
(0, 2, 1, 1, 5) : 0.000639446
(1, 0, 4, 1, 5) : 1.30771e-06
(1, 1, 1, 5, 2) : 9.31044e-07
(1, 0, 1, 2, 4) : 0.000223882
(0, 2, 6, 7, 6) : 2.31798e-07
(1, 1, 4, 2, 5) : 0.00035764
(1, 1, 2, 2, 8) : 1.61624e-06
(0, 2, 2, 7, 5) : 1.14825e-06
(1, 0, 3, 3, 5) : 6.53501e-06
(2, 0, 6, 8, 4) : 3.12265e-05
(1, 1, 6, 5, 8) : 1.49379e-07
(0, 1, 1, 7, 2) : 2.37211e-06
(2, 0, 3, 1, 6) : 2.15585e-05
(0, 2, 3, 6, 2) : 0.000833847
(0, 2, 6, 8, 4) : 4.55091e-06
(1, 0, 2, 2, 6) : 1.0074e-06
(0, 2, 5, 5, 4) : 0.00011528
(1, 1, 5, 10, 4) : 5.11136e-06
(2, 0, 5, 14, 3) : 1.36485e-07
(1, 1, 1, 11, 1) : 0.000181011
(1, 1, 3, 10, 1) : 0.000119689
(1, 0, 2, 9, 3) : 2.50321e-07
(2, 0, 1, 12, 3) : 2.88046e-06
(0, 2, 8, 10, 3) : 1.61172e-07
(2, 0, 5, 5, 6) : 0.000128883
(1, 1, 9, 4, 4) : 1.66674e-07
(0, 2, 6, 3, 6) : 8.93841e-06
(1, 0, 5, 5, 3) : 1.95126e-06
(0, 2, 2, 2, 3) : 4.13294e-06
(1, 1, 2, 13, 1) : 3.67418e-06
(1, 0, 1, 7, 3) : 5.70636e-06
(0, 1, 3, 9, 2) : 1.67746e-07
(2, 0, 4, 10, 2) : 5.54495e-05
(2, 0, 4, 3, 5) : 2.89624e-05
(0, 2, 3, 8, 3) : 6.98654e-05
(1, 1, 9, 6, 5) : 8.32439e-07
(1, 1, 3, 12, 2) : 7.23334e-06
(1, 0, 2, 7, 2) : 4.27969e-05
(2, 0, 7, 10, 5) : 7.99487e-07
(1, 1, 5, 6, 3) : 0.000152358
(2, 0, 5, 2, 6) : 4.09185e-05
(2, 0, 8, 7, 5) : 2.37667e-06
(0, 2, 4, 8, 3) : 5.13956e-05
(0, 2, 2, 4, 2) : 5.56174e-06
(2, 0, 5, 9, 6) : 2.2494e-06
(1, 1, 3, 1, 8) : 4.43444e-06
(1, 1, 6, 9, 6) : 1.52941e-07
(1, 1, 2, 8, 3) : 0.00138603
(1, 0, 3, 5, 5) : 1.16384e-06
(1, 0, 1, 10, 1) : 1.85124e-06
(2, 0, 2, 15, 1) : 5.86682e-07
(2, 0, 6, 6, 4) : 2.37341e-05
(2, 0, 0, 7, 2) : 2.41868e-06
(2, 0, 9, 6, 6) : 3.34269e-07
(1, 0, 5, 2, 6) : 2.21505e-07
(0, 2, 3, 5, 5) : 6.06811e-05
(2, 0, 4, 7, 5) : 0.000313341
(1, 1, 7, 8, 3) : 8.62446e-06
(2, 0, 6, 0, 9) : 1.15796e-07
(1, 1, 9, 3, 7) : 1.9714e-07
(1, 1, 5, 12, 4) : 1.83491e-07
(0, 1, 5, 1, 5) : 2.0198e-07
(1, 1, 7, 3, 6) : 1.03254e-05
(2, 0, 1, 6, 7) : 5.81133e-07
(1, 0, 4, 3, 5) : 2.91152e-06
(0, 1, 0, 8, 0) : 1.63073e-05
(2, 0, 5, 6, 6) : 7.05471e-05
(1, 1, 1, 3, 6) : 0.000265566
(1, 0, 4, 10, 2) : 1.7187e-07
(2, 0, 2, 9, 2) : 0.000124095
(1, 1, 6, 12, 2) : 9.90405e-07
(0, 1, 2, 6, 1) : 2.49083e-05
(2, 0, 2, 2, 7) : 0.000601949
(1, 1, 6, 5, 5) : 6.95249e-05
(1, 0, 3, 1, 5) : 4.82663e-06
(2, 0, 4, 13, 2) : 3.91211e-06
(1, 1, 0, 8, 2) : 0.0150418
(2, 0, 6, 10, 4) : 6.58512e-06
(1, 1, 2, 5, 4) : 0.00838126
(2, 0, 2, 4, 8) : 3.60289e-06
(2, 0, 4, 2, 7) : 0.000133692
(1, 1, 5, 1, 8) : 2.3317e-06
(1, 1, 7, 4, 6) : 1.11645e-05
(0, 2, 6, 10, 4) : 3.29702e-07
(1, 1, 5, 8, 4) : 6.37162e-05
(0, 1, 2, 9, 1) : 7.27066e-07
(0, 2, 4, 2, 7) : 4.33105e-06
(2, 0, 7, 11, 3) : 1.03044e-06
(2, 0, 1, 2, 7) : 0.000524862
(1, 1, 5, 7, 5) : 4.5346e-05
(1, 1, 1, 0, 6) : 0.00076772
(2, 0, 8, 6, 7) : 7.08256e-07
(0, 2, 0, 10, 0) : 0.00011361
(0, 2, 2, 11, 2) : 1.40279e-06
(0, 2, 0, 3, 3) : 0.000925331
(0, 1, 4, 4, 2) : 3.63902e-06
(1, 1, 6, 1, 5) : 3.24982e-07
(1, 1, 0, 7, 2) : 0.00169997
(1, 0, 5, 8, 2) : 5.92946e-07
(0, 1, 3, 4, 3) : 1.48622e-05
(0, 2, 1, 2, 4) : 0.00639571
(2, 0, 7, 13, 2) : 1.23445e-07
(1, 1, 5, 13, 0) : 1.98116e-07
(1, 0, 0, 8, 0) : 7.9098e-08
(2, 0, 3, 15, 2) : 1.4606e-07
(1, 1, 7, 0, 6) : 1.57313e-07
(1, 1, 5, 4, 7) : 1.32861e-05
(2, 0, 8, 5, 5) : 1.88503e-06
(0, 2, 2, 6, 6) : 1.31809e-07
(1, 1, 1, 4, 6) : 5.89437e-05
(2, 0, 7, 6, 8) : 2.89037e-07
(1, 1, 6, 11, 2) : 3.05632e-06
(2, 0, 0, 12, 1) : 0.000619178
(1, 1, 6, 4, 7) : 7.09375e-06
(1, 1, 8, 9, 3) : 1.28549e-06
(1, 1, 2, 3, 4) : 0.000631994
(0, 2, 3, 7, 5) : 3.80082e-06
(1, 0, 2, 3, 5) : 9.66274e-06
(0, 2, 5, 6, 5) : 1.48863e-05
(1, 1, 5, 11, 3) : 4.63175e-06
(0, 1, 5, 6, 2) : 1.03219e-06
(0, 1, 1, 4, 2) : 0.000205528
(1, 1, 3, 2, 9) : 1.14911e-07
(0, 2, 1, 6, 4) : 3.51839e-05
(0, 2, 8, 2, 6) : 8.0648e-07
(1, 1, 5, 0, 7) : 3.71449e-06
(0, 2, 2, 1, 6) : 5.63036e-05
(2, 0, 3, 2, 9) : 1.49852e-06
(0, 1, 0, 5, 1) : 1.25288e-05
(1, 1, 4, 1, 9) : 2.47648e-07
(1, 1, 6, 7, 5) : 2.0877e-05
(2, 0, 6, 3, 8) : 4.07106e-06
(2, 0, 4, 5, 4) : 4.42658e-05
(0, 2, 7, 3, 4) : 6.93218e-06
(1, 1, 2, 7, 4) : 0.000805921
(2, 0, 0, 1, 6) : 0.000662523
(1, 1, 4, 4, 6) : 0.000174268
(0, 2, 1, 12, 1) : 2.61249e-07
(2, 0, 1, 2, 8) : 8.33874e-06
(0, 2, 5, 2, 5) : 6.08803e-05
(0, 2, 8, 1, 6) : 3.39993e-07
(2, 0, 5, 10, 3) : 3.29334e-05
(1, 1, 1, 7, 1) : 2.54803e-07
(0, 2, 6, 5, 7) : 1.8457e-07
(1, 1, 6, 8, 5) : 7.66644e-06
(1, 1, 5, 5, 5) : 0.000207459
(2, 0, 3, 7, 7) : 3.04315e-06
(2, 0, 9, 4, 6) : 2.11913e-07
(0, 2, 4, 9, 5) : 8.59252e-08
(0, 2, 0, 8, 0) : 8.17085e-07
(0, 2, 2, 5, 6) : 1.29576e-06
(0, 2, 4, 6, 4) : 0.000119306
(1, 1, 2, 9, 1) : 5.13418e-05
(1, 1, 6, 3, 5) : 5.05581e-05
(2, 0, 3, 4, 9) : 2.40639e-07
(0, 2, 3, 13, 0) : 2.6008e-07
(0, 2, 5, 8, 2) : 3.74059e-05
(0, 2, 3, 4, 3) : 0.00148959
(0, 1, 5, 9, 2) : 6.98789e-08
(0, 2, 7, 6, 3) : 9.24609e-06
(0, 2, 1, 0, 4) : 1.06244e-06
(1, 1, 3, 8, 2) : 0.000913268
(2, 0, 1, 14, 0) : 9.39011e-06
(1, 0, 0, 10, 0) : 1.13817e-05
(2, 0, 5, 7, 5) : 0.000119941
(1, 1, 9, 9, 4) : 2.06669e-07
(0, 2, 8, 5, 6) : 6.29301e-07
(0, 2, 6, 1, 7) : 1.21138e-06
(1, 0, 3, 0, 6) : 3.9002e-07
(2, 0, 7, 0, 8) : 9.85028e-08
(2, 0, 2, 10, 2) : 0.000970198
(2, 0, 4, 12, 5) : 1.32309e-07
(2, 0, 6, 9, 5) : 6.82601e-06
(1, 1, 2, 4, 3) : 2.32153e-05
(1, 1, 6, 6, 3) : 3.00585e-05
(0, 2, 9, 4, 3) : 9.01865e-08
(1, 0, 2, 1, 5) : 1.40385e-05
(0, 2, 5, 4, 5) : 6.14523e-05
(2, 0, 3, 11, 1) : 3.30023e-06
(1, 1, 7, 12, 3) : 2.19962e-07
(2, 0, 7, 8, 6) : 1.82508e-06
(1, 1, 3, 5, 6) : 9.23297e-05
(2, 0, 1, 3, 4) : 1.53753e-06
(2, 0, 9, 8, 5) : 2.21782e-07
(0, 2, 1, 4, 4) : 0.00102039
(0, 2, 4, 10, 2) : 1.02868e-05
(1, 0, 4, 4, 4) : 7.48474e-06
(0, 2, 3, 3, 6) : 3.28779e-05
(0, 2, 6, 11, 0) : 1.27311e-07
(2, 0, 5, 11, 5) : 8.09814e-07
(1, 1, 1, 8, 3) : 0.00108989
(0, 2, 8, 9, 1) : 1.10947e-07
(0, 1, 2, 3, 2) : 3.06741e-06
(2, 0, 2, 13, 2) : 9.84314e-06
(2, 0, 6, 4, 7) : 1.68442e-05
(0, 2, 4, 1, 8) : 3.24382e-07
(0, 2, 0, 0, 5) : 0.000702964
(2, 0, 4, 9, 2) : 6.4206e-06
(1, 1, 9, 5, 6) : 5.11676e-07
(0, 1, 3, 5, 1) : 4.241e-07
(0, 2, 1, 10, 1) : 3.10597e-05
(1, 1, 5, 5, 8) : 2.75249e-07
(0, 2, 5, 0, 5) : 3.48599e-06
(1, 0, 0, 0, 5) : 3.78603e-05
(1, 1, 1, 14, 0) : 6.71215e-07
(1, 0, 2, 4, 2) : 1.54799e-07
(2, 0, 5, 8, 7) : 8.81225e-07
(1, 0, 4, 8, 3) : 9.03875e-07
(2, 0, 7, 7, 3) : 1.12119e-07
(1, 1, 6, 10, 5) : 5.42243e-07
(0, 2, 2, 8, 1) : 0.0005319
(1, 1, 8, 3, 5) : 2.10601e-06
(0, 1, 2, 4, 2) : 6.50882e-05
(2, 0, 2, 0, 6) : 5.54845e-07
(0, 2, 2, 7, 2) : 0.00118902
(0, 2, 9, 7, 4) : 3.65791e-07
(1, 0, 3, 3, 6) : 5.71858e-07
(0, 2, 4, 4, 4) : 0.000421768
(1, 1, 4, 11, 4) : 1.22485e-06
(1, 0, 1, 4, 4) : 4.58134e-05
(1, 1, 0, 10, 1) : 0.00196592
(2, 0, 6, 8, 7) : 6.02692e-07
(1, 1, 2, 11, 1) : 0.000134104
(1, 0, 3, 8, 3) : 1.69041e-06
(2, 0, 4, 4, 6) : 0.000515447
(1, 1, 9, 2, 6) : 2.06812e-07
(0, 2, 1, 7, 3) : 0.000125866
(1, 0, 2, 2, 3) : 1.019e-07
(0, 2, 5, 5, 3) : 0.000142548
(1, 1, 5, 10, 1) : 6.31495e-06
(2, 0, 3, 8, 7) : 4.94731e-07
(1, 0, 4, 2, 4) : 2.89533e-06
(0, 2, 6, 1, 8) : 1.82667e-07
(2, 0, 1, 12, 0) : 1.59494e-07
(2, 0, 5, 5, 5) : 0.000231165
(1, 1, 1, 2, 7) : 1.55375e-05
(0, 2, 2, 9, 3) : 8.60356e-06
(0, 2, 6, 3, 3) : 7.71683e-07
(1, 1, 8, 7, 5) : 2.42254e-06
(1, 1, 2, 13, 2) : 6.25423e-07
(0, 1, 4, 6, 3) : 1.5063e-06
(1, 1, 4, 14, 0) : 2.28334e-07
(2, 0, 6, 11, 5) : 4.79841e-07
(1, 1, 2, 6, 7) : 1.22782e-07
(1, 1, 4, 7, 3) : 0.000691858
(2, 0, 4, 11, 1) : 7.00159e-07
(2, 0, 4, 3, 6) : 0.000478687
(2, 0, 5, 4, 6) : 0.000161484
(0, 2, 7, 11, 3) : 1.28356e-07
(0, 2, 3, 8, 4) : 9.41484e-06
(2, 0, 4, 8, 6) : 1.29948e-05
(1, 1, 2, 0, 8) : 2.04691e-06
(1, 1, 9, 6, 6) : 2.94138e-07
(2, 0, 3, 13, 1) : 1.05235e-05
(1, 1, 5, 6, 4) : 0.000278507
(2, 0, 0, 1, 5) : 8.29836e-07
(2, 0, 8, 7, 6) : 1.29326e-06
(1, 0, 4, 6, 4) : 1.99444e-06
(0, 2, 2, 4, 5) : 0.000130172
(2, 0, 5, 9, 5) : 1.56629e-05
(2, 0, 7, 4, 5) : 4.04324e-06
(1, 1, 6, 9, 3) : 1.81229e-05
(1, 1, 8, 2, 7) : 8.09302e-07
(1, 1, 6, 2, 6) : 2.39705e-05
(0, 2, 5, 9, 5) : 2.05581e-07
(1, 0, 5, 2, 5) : 7.70954e-07
(0, 1, 1, 9, 0) : 1.5203e-06
(2, 0, 4, 7, 6) : 5.01738e-05
(0, 1, 1, 6, 1) : 7.8165e-05
(0, 1, 3, 7, 1) : 4.67085e-06
(1, 1, 7, 3, 5) : 1.08192e-05
(0, 2, 1, 8, 1) : 0.00128629
(2, 0, 8, 3, 8) : 4.26215e-07
(1, 1, 1, 12, 0) : 5.09249e-05
(1, 1, 3, 11, 2) : 4.05214e-05
(1, 1, 5, 2, 4) : 8.86608e-08
(2, 0, 5, 6, 3) : 1.33269e-07
(2, 0, 8, 3, 6) : 1.00777e-06
(2, 0, 4, 4, 8) : 8.44228e-06
(2, 0, 1, 6, 5) : 0.00266827
(1, 1, 4, 0, 8) : 1.66938e-06
(2, 0, 8, 8, 3) : 2.65182e-07
(1, 1, 6, 5, 6) : 2.24934e-05
(0, 2, 9, 5, 4) : 6.76494e-07
(0, 1, 4, 0, 5) : 1.81629e-07
(1, 1, 4, 9, 4) : 3.34436e-05
(1, 0, 1, 6, 4) : 1.30523e-06
(0, 1, 3, 8, 1) : 1.91465e-06
(0, 2, 7, 1, 7) : 4.66416e-07
(2, 0, 6, 10, 3) : 8.68266e-06
(1, 1, 4, 6, 5) : 0.000225112
(0, 2, 7, 8, 5) : 5.15769e-07
(0, 2, 3, 9, 0) : 1.17035e-06
(2, 0, 3, 3, 9) : 7.37129e-07
(0, 2, 5, 12, 2) : 3.1061e-07
(1, 0, 4, 5, 3) : 8.74425e-06
(1, 1, 3, 13, 1) : 3.18438e-06
(1, 1, 3, 11, 0) : 7.47033e-07
(0, 2, 8, 3, 7) : 2.59968e-07
(0, 1, 5, 5, 2) : 1.20927e-06
(2, 0, 3, 10, 3) : 0.000273124
(2, 0, 3, 5, 6) : 0.000661946
(1, 1, 1, 7, 2) : 0.000912911
(1, 1, 8, 5, 5) : 4.95337e-06
(2, 0, 5, 1, 6) : 9.16021e-07
(1, 1, 4, 12, 0) : 1.2994e-06
(1, 0, 1, 9, 0) : 5.31001e-07
(2, 0, 2, 14, 2) : 1.06222e-06
(1, 1, 6, 1, 6) : 8.14866e-06
(1, 1, 8, 10, 4) : 3.87043e-07
(1, 1, 4, 5, 7) : 6.99267e-06
(2, 0, 4, 1, 10) : 8.22623e-08
(0, 2, 5, 10, 3) : 2.24301e-06
(2, 0, 2, 16, 0) : 1.23199e-07
(0, 2, 3, 10, 4) : 2.19159e-07
(0, 2, 5, 1, 6) : 1.25704e-05
(0, 1, 1, 1, 3) : 3.63417e-06
(2, 0, 9, 5, 6) : 3.74907e-07
(2, 0, 3, 15, 1) : 4.63027e-07
(1, 1, 5, 4, 4) : 0.000192718
(2, 0, 3, 6, 6) : 0.000231272
(1, 1, 8, 1, 8) : 1.2397e-07
(1, 1, 5, 3, 8) : 2.24005e-06
(0, 2, 2, 6, 5) : 7.34033e-06
(1, 0, 3, 2, 5) : 7.87387e-06
(0, 2, 4, 7, 5) : 5.52072e-06
(1, 1, 4, 10, 3) : 3.57175e-05
(2, 0, 7, 6, 5) : 1.28957e-05
(1, 1, 3, 3, 7) : 3.99982e-05
(0, 1, 2, 7, 2) : 4.34367e-06
(2, 0, 8, 11, 5) : 7.61427e-08
(1, 1, 4, 1, 7) : 3.42878e-05
(0, 2, 5, 6, 6) : 1.95151e-06
(2, 0, 2, 3, 9) : 2.14912e-07
(2, 0, 3, 9, 4) : 0.000277164
(0, 1, 1, 4, 1) : 9.88108e-08
(1, 1, 5, 2, 9) : 2.16732e-07
(1, 1, 9, 8, 5) : 1.98163e-07
(0, 2, 1, 6, 1) : 5.33442e-06
(2, 0, 1, 4, 8) : 3.18866e-07
(0, 2, 3, 1, 5) : 0.000250735
(1, 1, 1, 10, 0) : 5.61137e-07
(0, 2, 6, 2, 4) : 9.97311e-06
(1, 0, 2, 8, 2) : 1.27972e-05
(0, 2, 8, 11, 2) : 7.93434e-08
(2, 0, 3, 2, 6) : 0.000885954
(1, 1, 7, 7, 6) : 1.93265e-06
(1, 1, 3, 6, 5) : 0.000323536
(0, 2, 4, 3, 5) : 0.000177175
(0, 1, 3, 10, 1) : 1.06171e-07
(2, 0, 4, 11, 3) : 3.23345e-05
(1, 1, 9, 7, 5) : 4.80634e-07
(0, 1, 1, 2, 4) : 1.2942e-05
(1, 1, 4, 4, 5) : 0.000794638
(2, 0, 2, 6, 7) : 6.59686e-06
(0, 2, 3, 11, 0) : 4.77847e-06
(0, 2, 5, 2, 6) : 1.99646e-05
(0, 2, 7, 5, 4) : 1.21116e-05
(0, 2, 1, 3, 3) : 0.000589834
(0, 2, 3, 2, 7) : 3.79123e-06
(1, 0, 2, 6, 3) : 3.77615e-05
(2, 0, 1, 9, 3) : 0.00329549
(1, 1, 5, 14, 1) : 1.65622e-07
(2, 0, 5, 10, 4) : 1.77906e-05
(1, 1, 1, 7, 4) : 0.000377555
(0, 2, 2, 12, 0) : 1.91194e-06
(0, 2, 4, 9, 2) : 3.74642e-05
(2, 0, 4, 6, 3) : 1.03641e-06
(0, 2, 2, 5, 3) : 0.00290581
(1, 0, 1, 2, 3) : 3.74612e-07
(1, 1, 3, 0, 9) : 1.17021e-07
(0, 2, 0, 1, 4) : 0.00026021
(1, 1, 2, 9, 2) : 0.00122726
(1, 0, 3, 10, 2) : 3.58903e-07
(1, 0, 1, 11, 0) : 7.76368e-07
(2, 0, 4, 6, 5) : 0.000667088
(1, 1, 8, 8, 4) : 2.29522e-06
(1, 1, 1, 9, 2) : 0.00165778
(0, 2, 5, 7, 2) : 5.89801e-05
(2, 0, 6, 1, 8) : 1.92981e-06
(1, 1, 9, 9, 3) : 2.39827e-07
(0, 2, 8, 5, 3) : 1.64271e-06
(1, 0, 3, 0, 5) : 9.26859e-07
(0, 2, 4, 5, 5) : 5.56848e-05
(2, 0, 2, 10, 1) : 9.59724e-07
(1, 1, 6, 13, 3) : 1.07661e-07
(2, 0, 6, 9, 6) : 1.33461e-06
(1, 1, 8, 5, 6) : 2.61025e-06
(2, 0, 8, 9, 5) : 7.02743e-07
(0, 2, 7, 9, 2) : 1.72434e-06
(1, 0, 5, 5, 4) : 1.62928e-06
(0, 2, 2, 2, 6) : 4.29462e-05
(2, 0, 4, 10, 5) : 5.72461e-06
(0, 1, 5, 4, 5) : 1.21044e-07
(2, 0, 3, 11, 4) : 9.77338e-06
(2, 0, 1, 3, 7) : 0.00017814
(0, 2, 7, 2, 8) : 1.10426e-07
(0, 2, 3, 3, 5) : 0.000306866
(2, 0, 1, 10, 5) : 2.11377e-07
(0, 2, 7, 4, 4) : 1.16876e-05
(0, 1, 2, 8, 0) : 2.56596e-06
(2, 0, 7, 10, 2) : 3.49422e-07
(1, 0, 5, 10, 2) : 8.45948e-08
(1, 1, 8, 4, 6) : 3.1238e-06
(1, 1, 4, 4, 8) : 1.10445e-06
(2, 0, 8, 12, 3) : 1.01504e-07
(0, 2, 4, 1, 5) : 8.82371e-05
(1, 0, 1, 1, 5) : 2.58845e-05
(1, 1, 2, 8, 6) : 1.02976e-07
(1, 0, 3, 5, 2) : 1.20868e-06
(1, 0, 5, 9, 3) : 1.24794e-07
(1, 1, 9, 5, 5) : 9.63814e-07
(0, 1, 1, 0, 4) : 1.29044e-05
(0, 1, 3, 5, 2) : 1.65999e-05
(0, 2, 1, 10, 2) : 2.92772e-06
(0, 2, 8, 6, 4) : 2.5631e-06
(0, 2, 7, 7, 4) : 4.75462e-06
(1, 1, 7, 8, 4) : 8.19815e-06
(2, 0, 7, 12, 3) : 3.90826e-07
(1, 1, 3, 9, 1) : 1.40313e-05
(1, 1, 5, 12, 1) : 2.31038e-06
(2, 0, 3, 14, 3) : 1.86793e-07
(2, 0, 5, 8, 4) : 0.000118051
(1, 1, 1, 5, 4) : 0.0113211
(1, 0, 4, 8, 4) : 1.25203e-07
(2, 0, 7, 7, 6) : 4.40343e-06
(1, 1, 8, 3, 6) : 2.57976e-06
(1, 0, 3, 6, 2) : 1.76724e-05
(0, 0, 0, 6, 0) : 3.0479e-07
(1, 0, 3, 4, 4) : 2.14354e-05
(0, 1, 4, 9, 0) : 1.14037e-07
(0, 2, 4, 4, 3) : 0.000389822
(1, 1, 4, 11, 1) : 1.90231e-05
(1, 0, 5, 3, 4) : 1.56898e-06
(2, 0, 0, 13, 0) : 4.39962e-06
(2, 0, 4, 4, 5) : 0.000621407
(1, 1, 5, 10, 2) : 2.50789e-05
(0, 1, 5, 7, 3) : 2.7068e-07
(0, 1, 1, 5, 3) : 5.53303e-06
(1, 1, 5, 1, 7) : 1.40897e-05
(2, 0, 5, 5, 8) : 2.63486e-06
(0, 0, 0, 0, 3) : 1.68319e-07
(0, 2, 6, 10, 3) : 1.23261e-06
(0, 2, 2, 9, 4) : 4.89676e-07
(2, 0, 5, 12, 4) : 9.71763e-07
(1, 1, 1, 9, 4) : 3.61542e-06
(0, 2, 8, 8, 2) : 6.74456e-07
(1, 1, 8, 7, 6) : 7.17499e-07
(2, 0, 5, 3, 5) : 5.62599e-06
(2, 0, 2, 12, 1) : 8.89507e-05
(1, 1, 8, 12, 3) : 7.23023e-08
(1, 1, 4, 7, 4) : 0.000379833
(1, 1, 1, 4, 5) : 0.0023915
(1, 0, 5, 7, 4) : 3.44664e-07
(1, 0, 3, 4, 6) : 1.45173e-07
(0, 2, 5, 3, 5) : 7.65314e-05
(2, 0, 4, 8, 5) : 0.000106076
(2, 0, 6, 5, 5) : 5.15321e-05
(1, 1, 9, 6, 3) : 1.28046e-07
(2, 0, 9, 7, 5) : 3.2112e-07
(1, 0, 3, 6, 5) : 2.3338e-07
(0, 2, 4, 8, 5) : 1.20709e-06
(1, 0, 2, 5, 5) : 8.83552e-07
(2, 0, 1, 8, 5) : 4.15435e-05
(0, 1, 2, 10, 0) : 2.32617e-07
(2, 0, 7, 4, 6) : 1.00735e-05
(1, 1, 3, 1, 6) : 0.000378171
(2, 0, 1, 7, 4) : 0.00942098
(0, 1, 2, 5, 1) : 1.74126e-06
(2, 0, 5, 0, 7) : 1.87302e-06
(1, 1, 6, 2, 5) : 1.53691e-05
(1, 0, 1, 3, 5) : 5.67724e-06
(2, 0, 4, 14, 0) : 1.66155e-07
(1, 1, 2, 10, 2) : 0.000282604
(0, 1, 4, 1, 5) : 5.55606e-07
(1, 1, 4, 3, 4) : 4.06356e-05
(2, 0, 4, 7, 3) : 2.55667e-05
(2, 0, 6, 0, 7) : 3.51958e-07
(2, 0, 0, 5, 3) : 5.48786e-06
(0, 2, 3, 12, 1) : 1.25766e-06
(1, 1, 7, 3, 8) : 6.34292e-07
(0, 2, 8, 4, 4) : 2.6999e-06
(1, 1, 7, 10, 4) : 1.1531e-06
(0, 2, 6, 0, 7) : 3.71601e-07
(2, 0, 5, 4, 4) : 1.69287e-07
(2, 0, 1, 13, 3) : 1.61904e-07
(2, 0, 3, 0, 7) : 4.00463e-05
(1, 1, 7, 5, 5) : 1.98469e-05
(1, 1, 3, 2, 6) : 0.000586174
(0, 2, 6, 9, 5) : 1.05384e-07
(0, 2, 2, 8, 0) : 1.97425e-07
(2, 0, 2, 2, 9) : 6.68383e-07
(1, 0, 5, 4, 3) : 1.08634e-06
(1, 1, 2, 12, 1) : 2.59997e-05
(2, 0, 5, 4, 7) : 4.52286e-05
(1, 1, 4, 9, 1) : 3.28677e-06
(0, 1, 6, 6, 2) : 1.2547e-07
(2, 0, 2, 11, 3) : 8.11085e-05
(1, 1, 2, 5, 2) : 1.21485e-07
(2, 0, 2, 4, 6) : 0.00234063
(1, 1, 6, 7, 2) : 7.82621e-07
(2, 0, 6, 3, 5) : 9.56099e-07
(0, 2, 9, 3, 4) : 2.50806e-07
(0, 2, 3, 9, 3) : 1.4799e-05
(0, 2, 7, 3, 3) : 1.39301e-07
(0, 2, 3, 0, 4) : 1.12031e-07
(2, 0, 1, 11, 2) : 0.000560228
(1, 1, 5, 7, 3) : 0.000188415
(1, 1, 7, 6, 7) : 7.66822e-07
(1, 1, 1, 0, 8) : 5.81522e-07
(0, 2, 4, 11, 3) : 5.26679e-07
(0, 2, 4, 0, 6) : 9.55215e-06
(1, 1, 3, 6, 6) : 2.54779e-05
(2, 0, 1, 0, 8) : 1.90336e-05
(2, 0, 6, 12, 5) : 9.21331e-08
(0, 1, 2, 2, 3) : 4.56564e-05
(2, 0, 8, 4, 6) : 2.09648e-06
(2, 0, 2, 14, 1) : 4.78749e-06
(1, 1, 4, 5, 4) : 0.00119332
(2, 0, 2, 7, 6) : 3.83753e-05
(1, 1, 4, 2, 8) : 4.07053e-06
(0, 2, 5, 1, 5) : 2.55341e-05
(1, 1, 6, 6, 7) : 1.50039e-06
(0, 2, 7, 4, 5) : 8.59365e-06
(1, 1, 7, 9, 3) : 5.16168e-06
(2, 0, 6, 7, 5) : 3.77078e-05
(1, 1, 2, 2, 7) : 5.52532e-05
(0, 1, 3, 6, 2) : 8.94114e-06
(2, 0, 9, 5, 5) : 1.98809e-07
(1, 0, 0, 6, 2) : 0.000773321
(0, 2, 1, 9, 2) : 3.0615e-05
(0, 2, 3, 4, 4) : 0.00092493
(2, 0, 3, 1, 9) : 1.835e-06
(1, 1, 7, 2, 7) : 2.90295e-06
(0, 2, 4, 7, 6) : 1.88754e-07
(2, 0, 2, 8, 4) : 0.00174726
(2, 0, 1, 5, 4) : 0.00281338
(0, 1, 2, 7, 1) : 1.2075e-05
(1, 1, 8, 9, 5) : 3.89994e-07
(0, 2, 0, 7, 1) : 0.00019201
(0, 2, 2, 0, 5) : 0.00018965
(1, 1, 0, 11, 0) : 1.46268e-05
(1, 0, 3, 9, 2) : 1.73997e-06
(2, 0, 2, 3, 6) : 0.00407568
(1, 1, 6, 6, 6) : 1.09824e-05
(2, 0, 3, 0, 8) : 1.2364e-05
(0, 2, 7, 0, 5) : 1.37197e-07
(0, 2, 1, 6, 2) : 0.0064772
(1, 1, 5, 9, 2) : 4.73951e-05
(2, 0, 7, 8, 3) : 1.75262e-06
(1, 1, 8, 6, 5) : 4.0391e-06
(0, 1, 2, 1, 4) : 1.23797e-05
(1, 1, 7, 7, 5) : 7.78249e-06
(0, 2, 2, 10, 0) : 3.32637e-05
(0, 2, 4, 3, 6) : 3.00238e-05
(0, 2, 6, 4, 4) : 4.4949e-05
(0, 2, 0, 2, 3) : 1.85894e-05
(0, 2, 2, 3, 7) : 5.87902e-07
(1, 1, 2, 14, 1) : 4.07515e-07
(1, 0, 3, 7, 3) : 6.60473e-06
(2, 0, 0, 8, 3) : 0.0325991
(2, 0, 4, 11, 4) : 8.14455e-06
(2, 0, 3, 9, 3) : 0.000793996
(0, 1, 5, 4, 2) : 7.22202e-07
(0, 2, 5, 11, 0) : 5.01989e-07
(0, 2, 7, 10, 2) : 7.6527e-07
(0, 2, 7, 5, 7) : 1.00291e-07
(0, 2, 9, 8, 3) : 2.53885e-07
(0, 2, 3, 2, 4) : 0.000804702
(1, 0, 2, 6, 4) : 3.90525e-06
(1, 1, 5, 14, 2) : 9.5312e-08
(0, 1, 5, 3, 3) : 1.35709e-06
(2, 0, 7, 5, 5) : 1.03725e-05
(2, 0, 5, 1, 8) : 6.07991e-06
(0, 2, 1, 1, 7) : 4.34275e-07
(1, 1, 1, 4, 4) : 0.0347158
(0, 2, 4, 6, 2) : 0.000219114
(1, 0, 1, 2, 6) : 3.54697e-07
(0, 1, 0, 1, 3) : 8.18327e-06
(0, 1, 4, 2, 4) : 2.7922e-06
(0, 1, 2, 3, 3) : 4.878e-05
(1, 1, 8, 8, 3) : 1.8961e-06
(2, 0, 4, 5, 6) : 0.000335782
(0, 2, 7, 6, 5) : 3.58795e-06
(0, 1, 1, 7, 0) : 7.71103e-07
(1, 1, 5, 3, 6) : 0.000107781
(2, 0, 8, 2, 8) : 2.97249e-07
(0, 2, 3, 6, 4) : 0.000162898
(0, 2, 6, 8, 2) : 1.12315e-05
(1, 0, 2, 2, 4) : 6.19212e-05
(0, 2, 5, 5, 6) : 5.53543e-06
(2, 0, 5, 14, 1) : 3.15777e-07
(2, 0, 7, 9, 5) : 2.40931e-06
(1, 1, 3, 10, 3) : 5.11899e-05
(0, 2, 8, 10, 1) : 8.44821e-08
(2, 0, 2, 10, 4) : 5.25002e-05
(0, 2, 0, 5, 1) : 1.60216e-07
(0, 2, 2, 2, 5) : 0.000569655
(0, 1, 4, 6, 4) : 2.3295e-07
(0, 1, 3, 9, 0) : 3.83398e-07
(2, 0, 6, 11, 2) : 2.18443e-06
(1, 1, 2, 6, 2) : 1.36019e-05
(0, 2, 3, 8, 1) : 0.000167723
(0, 2, 7, 2, 5) : 4.70878e-06
(1, 1, 3, 12, 0) : 5.3323e-06
(0, 1, 5, 2, 5) : 2.9425e-07
(2, 0, 3, 13, 4) : 1.4977e-07
(2, 0, 5, 11, 3) : 1.23148e-05
(1, 1, 1, 8, 5) : 6.72759e-07
(1, 1, 8, 4, 5) : 4.16289e-06
(0, 1, 2, 3, 4) : 8.24534e-06
(1, 0, 1, 1, 6) : 8.43072e-07
(0, 2, 6, 6, 4) : 2.56996e-05
(1, 1, 6, 9, 4) : 9.28194e-06
(2, 0, 6, 13, 3) : 3.28215e-07
(1, 1, 2, 8, 1) : 2.83735e-06
(1, 1, 4, 13, 1) : 1.74675e-06
(2, 0, 4, 9, 4) : 0.000139951
(1, 1, 0, 4, 4) : 0.059946
(2, 0, 6, 6, 6) : 2.62144e-05
(2, 0, 9, 6, 4) : 7.2971e-08
(0, 2, 3, 5, 3) : 0.00138547
(0, 2, 7, 7, 3) : 6.93536e-06
(1, 1, 9, 3, 5) : 3.39211e-07
(1, 0, 2, 4, 4) : 4.41104e-05
(2, 0, 3, 14, 0) : 7.49954e-07
(2, 0, 7, 7, 5) : 1.01383e-05
(1, 1, 3, 0, 7) : 2.57371e-05
(0, 2, 2, 8, 2) : 0.000336723
(2, 0, 8, 10, 5) : 2.58849e-07
(2, 0, 5, 6, 4) : 0.000128113
(1, 1, 1, 3, 4) : 0.00183212
(1, 1, 4, 11, 2) : 2.22073e-05
(0, 1, 6, 4, 3) : 2.53727e-07
(0, 1, 2, 6, 3) : 2.54646e-06
(0, 1, 4, 0, 4) : 2.2404e-07
(1, 1, 4, 0, 7) : 1.10025e-05
(1, 1, 6, 5, 3) : 1.8711e-06
(2, 0, 6, 1, 6) : 1.58359e-07
(0, 2, 9, 5, 3) : 2.91598e-07
(1, 0, 3, 1, 7) : 6.91014e-08
(2, 0, 4, 13, 4) : 2.03878e-07
(2, 0, 6, 10, 6) : 3.1335e-07
(2, 0, 4, 2, 5) : 5.058e-07
(1, 1, 7, 4, 4) : 6.94449e-06
(2, 0, 5, 4, 5) : 0.000126007
(0, 2, 1, 5, 2) : 0.000481479
(1, 1, 1, 1, 7) : 3.50725e-05
(2, 0, 7, 1, 7) : 7.37124e-07
(1, 1, 5, 8, 6) : 1.74677e-06
(2, 0, 5, 12, 1) : 1.01053e-06
(1, 1, 1, 9, 3) : 0.000129869
(2, 0, 7, 11, 5) : 2.0364e-07
(1, 1, 3, 4, 7) : 1.65362e-05
(2, 0, 1, 2, 5) : 3.69835e-05
(0, 2, 8, 8, 1) : 7.28961e-08
(1, 1, 8, 7, 3) : 1.85323e-06
(2, 0, 8, 6, 5) : 2.66748e-06
(2, 0, 2, 5, 7) : 3.43284e-05
(0, 2, 9, 2, 5) : 1.99543e-07
(1, 0, 3, 4, 5) : 3.2739e-06
(2, 0, 6, 5, 6) : 4.06321e-05
(1, 1, 2, 0, 6) : 0.00028185
(2, 0, 0, 6, 4) : 0.0735253
(2, 0, 4, 1, 7) : 6.31105e-05
(0, 2, 5, 10, 4) : 4.57543e-07
(0, 2, 2, 8, 5) : 8.68255e-08
(0, 2, 1, 11, 1) : 3.24415e-06
(0, 2, 3, 10, 1) : 2.94204e-05
(1, 1, 9, 4, 7) : 1.90744e-07
(1, 1, 3, 14, 0) : 5.34789e-07
(2, 0, 1, 8, 2) : 2.58745e-05
(1, 1, 5, 13, 2) : 5.56271e-07
(1, 0, 4, 9, 3) : 2.2293e-07
(2, 0, 3, 6, 3) : 5.10635e-06
(2, 0, 8, 5, 7) : 1.16482e-06
(1, 1, 6, 2, 8) : 1.5666e-06
(2, 0, 5, 7, 8) : 7.33014e-08
(1, 1, 6, 11, 4) : 6.64671e-07
(1, 1, 2, 10, 1) : 0.000418015
(2, 0, 2, 1, 7) : 0.000529864
(1, 1, 6, 4, 5) : 7.59191e-05
(1, 1, 2, 3, 6) : 0.000559997
(0, 2, 9, 6, 5) : 3.00619e-07
(0, 2, 3, 12, 2) : 3.5084e-07
(1, 0, 1, 4, 2) : 5.70625e-07
(1, 0, 2, 3, 3) : 6.21371e-06
(0, 2, 5, 6, 3) : 0.000118486
(1, 1, 5, 11, 1) : 5.17278e-06
(2, 0, 4, 5, 7) : 4.48329e-05
(1, 1, 7, 10, 1) : 2.26232e-07
(0, 1, 1, 4, 4) : 1.0065e-06
(2, 0, 1, 4, 5) : 0.0330185
(0, 2, 3, 1, 8) : 2.26668e-07
(1, 1, 0, 8, 1) : 1.72941e-05
(0, 2, 8, 2, 4) : 3.36373e-07
(2, 0, 8, 8, 5) : 1.49516e-06
(1, 1, 5, 0, 9) : 9.31643e-08
(0, 2, 2, 1, 4) : 6.32476e-05
(0, 1, 4, 7, 3) : 4.68576e-07
(1, 1, 1, 1, 4) : 2.76559e-07
(2, 0, 7, 3, 6) : 5.50197e-06
(1, 1, 4, 6, 3) : 0.00070295
(1, 1, 6, 7, 7) : 2.35856e-07
(0, 2, 7, 8, 3) : 3.80771e-06
(0, 2, 7, 3, 6) : 3.45203e-06
(1, 1, 2, 7, 6) : 1.67919e-06
(0, 1, 3, 3, 3) : 1.87159e-05
(1, 1, 3, 4, 8) : 6.11891e-07
(1, 1, 7, 6, 4) : 1.95776e-05
(2, 0, 8, 6, 8) : 9.59037e-08
(0, 2, 1, 3, 6) : 3.10696e-06
(1, 0, 4, 7, 2) : 3.87089e-06
(0, 2, 6, 12, 2) : 1.59303e-07
(1, 1, 7, 1, 8) : 3.98988e-07
(0, 2, 4, 0, 5) : 1.5245e-05
(1, 0, 1, 0, 5) : 1.42835e-05
(0, 2, 6, 5, 5) : 1.66925e-05
(1, 1, 6, 8, 3) : 3.48141e-05
(0, 1, 0, 3, 2) : 2.25714e-05
(1, 1, 5, 5, 7) : 6.07491e-06
(2, 0, 8, 4, 5) : 6.38808e-07
(1, 1, 8, 10, 2) : 3.83602e-07
(0, 2, 2, 5, 4) : 0.000501642
(1, 0, 1, 4, 5) : 1.1922e-06
(0, 2, 5, 1, 8) : 2.87916e-07
(2, 0, 2, 0, 9) : 8.98168e-07
(1, 1, 6, 3, 7) : 9.70635e-06
(0, 2, 7, 4, 6) : 2.84416e-06
(2, 0, 0, 4, 4) : 0.000252007
(0, 1, 3, 6, 1) : 6.38348e-06
(0, 2, 5, 8, 4) : 8.22e-06
(0, 2, 1, 9, 1) : 0.000223405
(2, 0, 3, 6, 8) : 5.06771e-07
(0, 2, 5, 7, 5) : 4.96142e-06
(1, 0, 6, 5, 4) : 1.15611e-07
(0, 2, 1, 0, 6) : 2.40616e-05
(1, 0, 2, 11, 0) : 4.09486e-07
(2, 0, 5, 7, 3) : 4.91759e-06
(2, 0, 1, 5, 3) : 1.89715e-06
(2, 0, 8, 11, 3) : 2.36745e-07
(2, 0, 2, 1, 8) : 3.8704e-05
(0, 2, 6, 1, 5) : 6.40061e-06
(0, 1, 4, 8, 1) : 7.33719e-07
(1, 1, 1, 2, 8) : 1.38711e-07
(1, 1, 4, 8, 2) : 0.000222694
(2, 0, 6, 9, 3) : 1.30898e-05
(0, 1, 3, 0, 4) : 1.0247e-06
(1, 1, 6, 6, 5) : 4.41348e-05
(0, 2, 9, 4, 5) : 5.77588e-07
(0, 2, 7, 0, 6) : 2.61171e-07
(0, 2, 5, 4, 7) : 1.30419e-06
(1, 1, 5, 9, 1) : 6.82797e-07
(1, 0, 0, 4, 3) : 0.00125366
(2, 0, 3, 11, 3) : 6.41643e-05
(1, 1, 7, 12, 1) : 1.61814e-07
(2, 0, 7, 8, 4) : 7.26477e-06
(1, 1, 3, 5, 4) : 0.00363879
(0, 2, 1, 4, 6) : 5.16354e-07
(0, 2, 4, 10, 0) : 2.79599e-06
(0, 2, 6, 11, 2) : 6.88781e-07
(1, 1, 3, 6, 4) : 0.00194075
(0, 2, 4, 3, 3) : 1.73336e-05
(0, 2, 6, 4, 7) : 9.53944e-07
(0, 2, 8, 9, 3) : 5.1763e-07
(0, 2, 2, 3, 4) : 0.00253533
(1, 0, 3, 7, 4) : 9.14276e-07
(1, 0, 1, 8, 2) : 1.33099e-05
(2, 0, 2, 13, 0) : 5.25696e-07
(2, 0, 6, 4, 5) : 2.34378e-05
(2, 0, 4, 0, 8) : 4.90309e-06
(0, 2, 5, 11, 3) : 4.76486e-07
(0, 2, 7, 5, 2) : 1.17428e-07
(2, 0, 1, 9, 5) : 3.38351e-06
(0, 1, 5, 3, 4) : 1.05072e-06
(2, 0, 3, 12, 5) : 7.54272e-08
(0, 2, 5, 0, 7) : 9.1021e-07
(1, 0, 4, 1, 6) : 4.31347e-07
(2, 0, 7, 12, 4) : 1.94006e-07
(1, 1, 3, 9, 4) : 3.78287e-05
(1, 1, 1, 5, 3) : 0.00216946
(1, 0, 4, 8, 1) : 7.56402e-07
(1, 0, 1, 2, 5) : 1.67726e-05
(0, 2, 6, 7, 5) : 3.18071e-06
(2, 0, 4, 2, 8) : 2.10409e-05
(1, 1, 4, 2, 6) : 0.000250282
(0, 2, 2, 7, 4) : 2.57318e-05
(0, 2, 9, 7, 2) : 1.19683e-07
(1, 0, 3, 3, 4) : 2.5852e-05
(0, 2, 4, 4, 6) : 1.59358e-05
(2, 0, 4, 15, 1) : 2.32509e-07
(2, 0, 6, 8, 5) : 1.83817e-05
(1, 1, 2, 11, 3) : 5.23296e-06
(0, 2, 4, 2, 5) : 0.000171148
(2, 0, 3, 1, 7) : 0.00020823
(0, 2, 1, 7, 1) : 0.000125646
(0, 2, 3, 6, 1) : 5.90643e-07
(0, 2, 6, 8, 5) : 9.65239e-07
(0, 2, 5, 5, 5) : 3.48824e-05
(2, 0, 3, 8, 5) : 0.000163008
(2, 0, 5, 14, 2) : 3.57591e-07
(1, 1, 1, 11, 2) : 2.17335e-05
(1, 0, 4, 2, 6) : 5.17638e-07
(1, 0, 2, 9, 0) : 1.35477e-07
(2, 0, 1, 12, 2) : 6.15096e-05
(2, 0, 5, 5, 7) : 2.55402e-05
(1, 1, 1, 2, 5) : 0.0139142
(2, 0, 6, 12, 2) : 1.22082e-06
(0, 2, 2, 9, 1) : 0.000189305
(0, 2, 6, 3, 5) : 2.68558e-05
(1, 1, 2, 13, 0) : 5.13917e-06
(2, 0, 5, 3, 8) : 9.30002e-06
(1, 0, 1, 7, 2) : 8.04703e-05
(2, 0, 2, 12, 4) : 5.99223e-07
(2, 0, 4, 10, 3) : 0.000106175
(0, 1, 3, 2, 4) : 7.36688e-06
(0, 2, 3, 8, 2) : 0.000226598
(1, 1, 9, 6, 4) : 7.39151e-07
(1, 0, 2, 7, 3) : 9.79986e-06
(2, 0, 1, 10, 3) : 0.000431145
(2, 0, 7, 10, 4) : 2.02832e-06
(1, 1, 3, 7, 4) : 0.000694256
(2, 0, 1, 1, 6) : 0.000285485
(1, 1, 5, 6, 2) : 8.43197e-08
(2, 0, 8, 7, 4) : 1.37756e-06
(0, 2, 2, 4, 3) : 0.00477422
(1, 1, 1, 6, 5) : 7.52436e-05
(1, 1, 3, 1, 9) : 1.77118e-07
(1, 1, 6, 9, 1) : 1.2693e-07
(1, 1, 8, 2, 5) : 4.75755e-07
(0, 1, 2, 5, 4) : 7.70819e-07
(1, 0, 3, 5, 4) : 1.0753e-05
(2, 0, 2, 15, 0) : 8.04797e-07
(2, 0, 6, 6, 5) : 5.52575e-05
(1, 1, 2, 1, 7) : 7.33904e-05
(1, 1, 2, 1, 8) : 2.72705e-06
(0, 2, 3, 5, 6) : 4.27574e-06
(2, 0, 4, 7, 4) : 0.00068351
(1, 1, 0, 2, 4) : 7.29294e-05
(1, 1, 7, 8, 2) : 1.73103e-06
(0, 1, 3, 7, 3) : 6.56504e-07
(0, 1, 5, 1, 4) : 3.42054e-07
(1, 1, 7, 3, 7) : 3.61546e-06
(1, 1, 9, 10, 3) : 1.0935e-07
(0, 2, 1, 8, 3) : 1.48811e-05
(2, 0, 1, 6, 6) : 5.91959e-05
(1, 0, 3, 6, 3) : 1.83062e-05
(0, 2, 8, 4, 3) : 6.31123e-07
(1, 1, 1, 12, 2) : 1.63575e-06
(1, 1, 3, 11, 4) : 8.63739e-07
(1, 1, 7, 5, 8) : 7.33618e-08
(1, 1, 1, 3, 7) : 3.946e-06
(1, 0, 4, 10, 1) : 2.97629e-07
(1, 1, 6, 12, 3) : 5.20621e-07
(1, 1, 8, 1, 7) : 3.38311e-07
(1, 1, 6, 5, 4) : 7.7452e-05
(0, 2, 0, 4, 2) : 2.44037e-05
(0, 2, 9, 5, 6) : 7.51632e-08
(1, 0, 3, 1, 4) : 3.2846e-07
(1, 1, 4, 9, 6) : 1.41061e-07
(2, 0, 4, 13, 1) : 3.10421e-06
(0, 2, 7, 1, 5) : 1.43242e-06
(2, 0, 6, 10, 5) : 1.99412e-06
(1, 1, 2, 5, 7) : 1.52532e-06
(2, 0, 0, 3, 5) : 0.00424898
(1, 1, 5, 1, 9) : 2.14186e-07
(0, 2, 1, 5, 1) : 9.26878e-08
(0, 2, 8, 3, 5) : 2.08333e-06
(0, 1, 5, 5, 4) : 4.51417e-07
(0, 1, 2, 9, 2) : 1.00148e-07
(2, 0, 1, 2, 6) : 0.0104712
(1, 1, 5, 7, 6) : 6.72099e-06
(2, 0, 3, 5, 4) : 0.000206131
(1, 1, 1, 0, 5) : 2.44694e-06
(2, 0, 7, 2, 7) : 2.64591e-06
(0, 0, 0, 2, 2) : 1.51293e-06
(0, 2, 2, 11, 1) : 7.39187e-06
(2, 0, 1, 16, 0) : 1.08424e-07
(0, 2, 0, 3, 2) : 3.49321e-07
(1, 1, 8, 5, 7) : 6.41652e-07
(0, 2, 9, 2, 6) : 1.78167e-07
(2, 0, 0, 9, 2) : 0.00101634
(1, 1, 4, 12, 2) : 5.05383e-06
(1, 0, 5, 8, 3) : 3.99657e-07
(2, 0, 2, 7, 3) : 0.000489956
(0, 2, 5, 10, 1) : 4.89371e-06
(2, 0, 4, 6, 8) : 8.84658e-07
(0, 2, 1, 2, 7) : 1.38022e-07
(2, 0, 7, 13, 3) : 1.15541e-07
(0, 1, 1, 1, 5) : 9.01381e-07
(1, 1, 5, 13, 1) : 7.17967e-07
(2, 0, 1, 7, 2) : 8.27888e-07
(1, 1, 5, 4, 6) : 8.67572e-05
(1, 1, 8, 2, 8) : 2.16394e-07
(2, 0, 5, 0, 9) : 3.09251e-07
(0, 2, 8, 7, 5) : 5.73255e-07
(0, 2, 4, 7, 3) : 0.0001512
(1, 1, 4, 10, 1) : 2.91736e-05
(2, 0, 7, 6, 7) : 2.17779e-06
(1, 1, 6, 11, 1) : 1.22782e-06
(1, 1, 8, 9, 2) : 4.64172e-07
(1, 0, 2, 3, 6) : 4.34529e-07
(0, 2, 5, 6, 4) : 6.23984e-05
(1, 1, 5, 11, 4) : 1.06877e-06
(0, 1, 5, 6, 3) : 6.76424e-07
(2, 0, 3, 9, 2) : 3.01562e-05
(2, 0, 6, 2, 6) : 7.64608e-06
(0, 1, 1, 4, 3) : 2.57284e-05
(1, 1, 7, 5, 3) : 3.10697e-07
(1, 1, 3, 2, 8) : 3.67239e-06
(0, 2, 6, 9, 3) : 4.16032e-06
(0, 2, 8, 2, 7) : 2.58551e-07
(2, 0, 5, 13, 2) : 1.48382e-06
(0, 2, 6, 2, 6) : 8.17519e-06
(1, 0, 2, 8, 4) : 8.14323e-08
(1, 1, 5, 0, 6) : 4.33453e-06
(2, 0, 3, 2, 8) : 3.22004e-05
(2, 0, 7, 3, 5) : 1.22251e-07
(1, 1, 1, 4, 3) : 7.10913e-05
(1, 1, 6, 7, 4) : 5.22666e-05
(1, 0, 5, 6, 2) : 6.53526e-07
(1, 1, 6, 0, 8) : 3.26863e-07
(0, 2, 7, 3, 5) : 8.00402e-06
(1, 1, 2, 7, 3) : 0.00486904
(1, 1, 9, 7, 3) : 2.94749e-07
(0, 1, 1, 2, 2) : 1.27126e-07
(1, 1, 4, 4, 7) : 1.83824e-05
(0, 2, 1, 12, 0) : 1.35476e-06
(0, 2, 3, 11, 2) : 2.42539e-06
(0, 2, 5, 2, 4) : 4.81044e-05
(0, 2, 8, 1, 5) : 2.9121e-07
(2, 0, 5, 10, 2) : 1.11255e-05
(0, 2, 4, 0, 8) : 1.67962e-07
(0, 2, 6, 5, 6) : 3.53807e-06
(1, 1, 6, 8, 6) : 1.24757e-06
(2, 0, 3, 7, 4) : 0.00229249
(0, 2, 2, 13, 1) : 1.03968e-07
(1, 1, 6, 1, 9) : 1.32312e-07
(0, 2, 4, 9, 4) : 2.37211e-06
(0, 2, 0, 8, 1) : 0.0018526
(0, 2, 4, 6, 5) : 1.98288e-05
(1, 0, 3, 10, 0) : 2.52947e-07
(1, 1, 6, 6, 4) : 7.89645e-05
(1, 1, 6, 3, 4) : 1.59327e-06
(1, 1, 8, 8, 6) : 2.0076e-07
(0, 2, 3, 13, 1) : 1.80615e-07
(0, 2, 5, 8, 1) : 1.02528e-05
(0, 2, 3, 4, 2) : 1.61603e-06
(0, 1, 5, 9, 1) : 8.85338e-08
(0, 2, 7, 6, 2) : 2.02108e-06
(1, 1, 7, 11, 2) : 8.66177e-07
(1, 1, 3, 8, 5) : 1.77172e-05
(2, 0, 5, 7, 6) : 2.85454e-05
(0, 2, 8, 5, 5) : 2.09052e-06
(0, 2, 4, 12, 0) : 6.03664e-07
(0, 2, 6, 1, 6) : 4.39971e-06
(0, 2, 4, 5, 7) : 1.49546e-07
(1, 1, 4, 8, 1) : 1.66805e-07
(1, 0, 1, 5, 3) : 0.000179392
(2, 0, 2, 10, 3) : 0.000491742
(1, 1, 6, 13, 1) : 2.40464e-07
(2, 0, 6, 9, 4) : 1.67573e-05
(1, 1, 2, 4, 4) : 0.0126846
(2, 0, 4, 14, 3) : 1.99107e-07
(2, 0, 9, 3, 6) : 1.09885e-07
(2, 0, 8, 1, 8) : 1.24426e-07
(0, 2, 5, 4, 4) : 0.000150468
(1, 1, 5, 9, 4) : 2.01487e-05
(1, 1, 7, 12, 2) : 3.23011e-07
(1, 1, 3, 5, 7) : 4.96955e-06
(2, 0, 1, 3, 5) : 0.00180635
(2, 0, 9, 8, 4) : 1.23699e-07
(0, 2, 5, 3, 8) : 1.23712e-07
(2, 0, 7, 3, 8) : 1.44388e-06
(0, 2, 1, 4, 3) : 0.011711
(0, 2, 4, 10, 3) : 2.96787e-06
(0, 2, 3, 3, 7) : 1.93906e-06
(1, 1, 1, 8, 2) : 0.00873218
(2, 0, 3, 4, 8) : 7.93538e-06
(1, 1, 8, 11, 3) : 2.46407e-07
(2, 0, 4, 3, 8) : 1.63035e-05
(0, 2, 4, 1, 7) : 4.09902e-06
(2, 0, 6, 13, 4) : 9.89602e-08
(1, 1, 2, 8, 4) : 0.000153687
(1, 1, 0, 4, 3) : 0.000142853
(1, 0, 5, 9, 1) : 1.34152e-07
(1, 1, 9, 5, 7) : 7.1161e-08
(1, 1, 7, 1, 6) : 1.74754e-06
(0, 2, 1, 10, 0) : 7.98235e-05
(0, 2, 8, 6, 2) : 3.58128e-07
(1, 0, 0, 0, 4) : 8.39339e-08
(0, 2, 7, 7, 6) : 1.26242e-07
(1, 1, 5, 12, 3) : 9.76856e-07
(2, 0, 5, 8, 6) : 8.9605e-06
(1, 1, 1, 5, 6) : 9.00028e-06
(1, 0, 4, 8, 2) : 2.15038e-06
(0, 1, 2, 4, 5) : 1.16971e-07
(2, 0, 2, 0, 7) : 0.000151932
(0, 2, 0, 6, 1) : 8.60551e-06
(0, 2, 2, 7, 1) : 4.959e-05
(0, 1, 4, 9, 2) : 1.21791e-07
(0, 2, 4, 4, 5) : 0.000117913
(0, 1, 6, 4, 4) : 1.24803e-07
(2, 0, 2, 9, 5) : 2.10695e-05
(2, 0, 4, 15, 2) : 1.21615e-07
(1, 0, 5, 3, 6) : 2.13012e-07
(1, 1, 2, 11, 0) : 2.7331e-06
(2, 0, 4, 4, 7) : 9.64141e-05
(0, 2, 1, 7, 4) : 4.03997e-06
(0, 1, 5, 7, 1) : 3.41978e-07
(2, 0, 3, 8, 6) : 1.22016e-05
(2, 0, 7, 9, 3) : 2.61437e-06
(1, 1, 3, 10, 5) : 3.94275e-07
(1, 1, 1, 2, 6) : 0.000756361
(0, 2, 2, 9, 2) : 6.92151e-05
(0, 2, 8, 8, 4) : 6.73293e-07
(1, 1, 8, 7, 4) : 3.71685e-06
(0, 1, 2, 0, 5) : 9.0329e-07
(0, 1, 4, 6, 2) : 3.41378e-06
(1, 1, 4, 14, 1) : 3.43028e-07
(0, 1, 0, 4, 2) : 0.00042945
(2, 0, 6, 11, 4) : 2.00954e-06
(1, 1, 2, 6, 4) : 0.00314318
(2, 0, 0, 0, 6) : 4.93168e-06
(1, 1, 4, 7, 2) : 2.01625e-05
(0, 2, 5, 3, 3) : 3.85342e-06
(2, 0, 4, 8, 7) : 8.64771e-07
(0, 2, 9, 9, 3) : 1.24199e-07
(0, 1, 3, 4, 4) : 3.02516e-06
(0, 1, 5, 2, 3) : 5.0247e-07
(2, 0, 3, 13, 2) : 7.77742e-06
(2, 0, 1, 1, 5) : 2.94882e-07
(1, 1, 5, 6, 7) : 2.10178e-06
(2, 0, 3, 4, 5) : 0.00275581
(1, 0, 4, 6, 3) : 6.37439e-06
(0, 2, 2, 4, 6) : 5.96033e-06
(2, 0, 5, 9, 2) : 1.22998e-06
(1, 1, 1, 6, 6) : 9.7541e-07
(1, 0, 3, 5, 3) : 3.26026e-05
(1, 1, 6, 9, 2) : 1.12582e-05
(0, 1, 0, 2, 3) : 0.000306051
(0, 1, 6, 2, 4) : 1.37104e-07
(1, 1, 6, 2, 7) : 8.87565e-06
(2, 0, 6, 6, 8) : 6.16244e-07
(1, 1, 2, 10, 4) : 2.74539e-06
(1, 1, 6, 4, 8) : 8.26152e-07
(1, 1, 2, 3, 3) : 1.7219e-07
(0, 1, 1, 6, 2) : 1.52615e-05
(0, 2, 1, 8, 0) : 5.16068e-07
(0, 2, 2, 8, 3) : 5.55523e-05
(0, 2, 3, 7, 2) : 0.000569535
(0, 2, 8, 4, 6) : 9.93339e-07
(1, 0, 0, 2, 4) : 0.000602143
(2, 0, 5, 15, 1) : 8.55793e-08
(0, 2, 6, 0, 5) : 7.20958e-07
(1, 0, 2, 10, 1) : 1.77861e-06
(1, 1, 5, 2, 7) : 2.25513e-05
(1, 1, 3, 11, 3) : 8.6733e-06
(1, 1, 4, 0, 9) : 1.29359e-07
(0, 2, 9, 5, 5) : 4.8476e-07
(2, 0, 5, 4, 9) : 4.25559e-07
(1, 1, 4, 9, 3) : 0.000131704
(2, 0, 2, 11, 5) : 2.1318e-07
(1, 0, 5, 4, 6) : 1.12963e-07
(1, 1, 4, 6, 6) : 2.83967e-05
(2, 0, 2, 4, 4) : 2.69661e-05
(1, 1, 0, 1, 5) : 0.000688411
(2, 0, 6, 3, 7) : 1.75213e-05
(0, 2, 7, 8, 4) : 1.99058e-06
(0, 2, 3, 9, 1) : 9.11323e-05
(0, 2, 5, 12, 1) : 4.92931e-07
(0, 2, 1, 5, 4) : 0.000225768
(1, 0, 4, 5, 4) : 4.78144e-06
(1, 1, 3, 13, 2) : 1.0395e-06
(0, 2, 8, 3, 6) : 1.11454e-06
(2, 0, 3, 10, 2) : 0.000248812
(2, 0, 8, 1, 7) : 1.36013e-07
(2, 0, 3, 5, 7) : 5.37403e-05
(0, 2, 4, 11, 1) : 4.04132e-06
(0, 2, 4, 5, 2) : 1.44208e-05
(2, 0, 7, 5, 8) : 6.81859e-07
(1, 1, 8, 5, 4) : 3.2144e-06
(0, 1, 2, 2, 5) : 1.17867e-06
(2, 0, 5, 1, 7) : 1.61193e-05
(1, 1, 4, 12, 1) : 6.87404e-06
(2, 0, 8, 4, 8) : 3.86819e-07
(2, 0, 2, 14, 3) : 8.43357e-08
(1, 1, 8, 10, 5) : 7.13805e-08
(1, 1, 4, 5, 6) : 8.13093e-05
(2, 0, 4, 1, 9) : 1.53163e-06
(0, 2, 5, 10, 2) : 5.41693e-06
(0, 2, 5, 1, 7) : 2.54775e-06
(0, 2, 7, 4, 3) : 3.56399e-06
(2, 0, 6, 7, 7) : 2.04429e-06
(0, 1, 3, 6, 4) : 2.15768e-07
(2, 0, 9, 5, 7) : 9.79911e-08
(2, 0, 7, 4, 9) : 1.2376e-07
(2, 0, 3, 6, 5) : 0.00170511
(1, 1, 5, 3, 9) : 7.85378e-08
(1, 1, 7, 2, 9) : 7.14846e-08
(0, 2, 4, 7, 4) : 4.05774e-05
(1, 1, 4, 10, 4) : 7.0557e-06
(0, 1, 6, 5, 3) : 1.1292e-07
(2, 0, 2, 8, 2) : 7.15738e-06
(2, 0, 1, 5, 6) : 0.000416261
(0, 1, 2, 7, 3) : 4.42231e-07
(2, 0, 8, 11, 4) : 2.02595e-07
(2, 0, 0, 10, 2) : 0.0066868
(1, 1, 2, 3, 8) : 5.60521e-07
(0, 2, 9, 6, 3) : 4.17314e-07
(2, 0, 4, 12, 2) : 1.50479e-05
(1, 1, 4, 1, 6) : 0.000124553
(2, 0, 2, 3, 8) : 1.25022e-05
(2, 0, 3, 9, 5) : 3.3071e-05
(1, 1, 5, 2, 8) : 2.93719e-06
(0, 1, 3, 8, 2) : 8.24936e-07
(1, 1, 9, 8, 4) : 4.56619e-07
(0, 2, 3, 1, 6) : 5.08049e-05
(1, 0, 6, 2, 5) : 9.78199e-08
(2, 0, 5, 13, 1) : 7.7384e-07
(1, 1, 1, 10, 3) : 1.16935e-05
(0, 2, 6, 2, 5) : 1.81448e-05
(1, 0, 2, 8, 1) : 1.66495e-05
(1, 1, 8, 6, 3) : 9.20987e-07
(2, 0, 3, 2, 5) : 2.46105e-06
(1, 1, 7, 7, 7) : 1.0842e-07
(0, 2, 2, 10, 2) : 1.101e-05
(0, 2, 4, 3, 4) : 0.000424739
(1, 1, 8, 4, 8) : 1.21731e-07
(0, 1, 4, 5, 2) : 4.90793e-06
(2, 0, 4, 11, 2) : 3.95942e-05
(1, 1, 0, 6, 2) : 8.33779e-05
(1, 1, 9, 7, 6) : 9.35953e-08
(0, 1, 1, 2, 5) : 3.92604e-07
(2, 0, 2, 6, 4) : 0.0109271
(0, 2, 7, 10, 4) : 1.75961e-07
(0, 2, 9, 1, 6) : 7.11589e-08
(0, 2, 3, 11, 1) : 6.87775e-06
(0, 2, 7, 5, 5) : 6.46495e-06
(1, 0, 4, 7, 4) : 6.26571e-07
(0, 2, 3, 2, 6) : 5.29947e-05
(1, 0, 2, 6, 2) : 7.71454e-05
(1, 1, 5, 14, 0) : 7.67404e-08
(1, 0, 0, 9, 0) : 1.61899e-06
(1, 1, 1, 7, 5) : 8.23635e-06
(2, 0, 3, 7, 3) : 0.000119601
(0, 2, 2, 12, 1) : 9.89187e-07
(0, 2, 4, 9, 1) : 3.24932e-05
(0, 0, 0, 4, 1) : 1.51698e-06
(1, 1, 5, 8, 2) : 4.82313e-05
(0, 2, 2, 5, 2) : 0.000188344
(1, 1, 3, 0, 8) : 2.4104e-06
(1, 1, 6, 10, 2) : 7.10177e-06
(1, 1, 2, 9, 5) : 9.07357e-07
(2, 0, 4, 6, 6) : 0.000150691
(1, 1, 8, 8, 5) : 1.09418e-06
(0, 2, 5, 7, 3) : 6.57542e-05
(1, 1, 7, 11, 1) : 2.61519e-07
(1, 1, 3, 8, 6) : 9.12438e-07
(1, 1, 5, 3, 4) : 8.48655e-06
(2, 0, 8, 2, 6) : 2.11308e-07
(0, 2, 3, 6, 6) : 9.71076e-07
(0, 2, 4, 5, 4) : 0.000265982
(1, 1, 4, 8, 4) : 0.000127852
(1, 0, 1, 5, 4) : 9.3127e-06
(1, 1, 6, 13, 2) : 2.56549e-07
(1, 1, 2, 4, 7) : 7.2774e-06
(2, 0, 0, 2, 5) : 9.56679e-05
(2, 0, 8, 9, 4) : 1.04702e-06
(0, 2, 4, 2, 8) : 2.72756e-07
(2, 0, 6, 2, 8) : 3.69361e-06
(0, 2, 7, 9, 3) : 1.6195e-06
(0, 2, 2, 2, 7) : 1.63624e-06
(2, 0, 4, 10, 6) : 4.49601e-07
(2, 0, 2, 5, 8) : 7.17451e-07
(2, 0, 3, 11, 5) : 7.16861e-07
(0, 2, 7, 2, 7) : 7.43268e-07
(2, 0, 1, 10, 4) : 1.48998e-05
(1, 1, 3, 6, 3) : 0.002881
(2, 0, 5, 11, 1) : 1.33649e-07
(1, 1, 3, 7, 3) : 0.00211203
(0, 2, 6, 7, 3) : 2.31988e-05
(1, 1, 8, 4, 7) : 1.0093e-06
(1, 1, 6, 0, 6) : 8.5914e-07
(0, 2, 4, 1, 4) : 4.74467e-06
(1, 0, 1, 1, 4) : 5.81164e-06
(0, 2, 6, 6, 6) : 1.42979e-06
(2, 0, 6, 13, 1) : 1.70287e-07
(1, 1, 4, 13, 3) : 1.98364e-07
(2, 0, 4, 9, 6) : 2.70107e-06
(0, 1, 4, 2, 3) : 2.53935e-06
(1, 0, 5, 9, 2) : 2.60947e-07
(0, 1, 1, 0, 5) : 8.58522e-07
(0, 2, 5, 9, 2) : 1.63481e-05
(0, 2, 8, 6, 5) : 1.24571e-06
(0, 1, 5, 8, 2) : 2.22687e-07
(0, 2, 7, 7, 5) : 1.51764e-06
(2, 0, 7, 12, 2) : 2.82417e-07
(1, 1, 3, 9, 2) : 0.000532119
(1, 0, 2, 4, 6) : 8.35415e-08
(2, 0, 1, 15, 0) : 1.29891e-06
(1, 1, 5, 12, 0) : 2.81148e-07
(2, 0, 3, 14, 2) : 1.18701e-06
(1, 1, 1, 5, 5) : 0.000506433
(2, 0, 7, 7, 7) : 8.96019e-07
(1, 1, 3, 0, 5) : 2.11058e-07
(2, 0, 1, 6, 3) : 7.90541e-05
(2, 0, 8, 10, 3) : 4.0571e-07
(1, 0, 6, 4, 5) : 1.1395e-07
(0, 1, 4, 9, 1) : 2.41385e-07
(1, 1, 4, 11, 0) : 1.74937e-07
(2, 0, 7, 1, 8) : 5.23894e-07
(2, 0, 2, 9, 6) : 6.09324e-07
(2, 0, 6, 8, 3) : 1.02294e-05
(0, 1, 3, 1, 5) : 1.16913e-06
(0, 1, 5, 7, 2) : 5.59161e-07
(2, 0, 3, 8, 3) : 0.00123141
(0, 1, 1, 5, 2) : 6.73433e-05
(2, 0, 3, 3, 6) : 0.00158969
(0, 1, 4, 4, 4) : 1.80559e-06
(2, 0, 6, 12, 3) : 1.27127e-06
(1, 0, 2, 0, 6) : 7.97771e-07
(2, 0, 5, 12, 3) : 3.44043e-06
(0, 2, 4, 2, 3) : 2.9118e-07
(1, 1, 3, 4, 5) : 0.00186228
(0, 2, 8, 8, 3) : 1.1153e-06
(2, 0, 5, 3, 6) : 0.000121561
(2, 0, 2, 12, 2) : 7.00633e-05
(1, 1, 4, 7, 7) : 2.14577e-07
(2, 0, 2, 5, 5) : 0.00787748
(1, 0, 5, 7, 3) : 9.9618e-07
(0, 1, 1, 10, 0) : 2.11448e-07
(0, 2, 5, 3, 6) : 1.8737e-05
(2, 0, 4, 8, 2) : 3.33648e-07
(2, 0, 6, 5, 4) : 1.42162e-06
(0, 1, 1, 3, 3) : 7.66728e-05
(2, 0, 9, 7, 6) : 9.29148e-08
(2, 0, 1, 1, 8) : 1.94616e-05
(0, 2, 3, 10, 3) : 2.55034e-06
(2, 0, 3, 4, 6) : 0.00131248
(1, 1, 3, 14, 2) : 1.24703e-07
(1, 0, 2, 5, 2) : 5.66344e-06
(2, 0, 1, 8, 4) : 0.00152988
(1, 1, 1, 6, 3) : 0.0275372
(1, 0, 4, 9, 1) : 6.59985e-07
(1, 1, 3, 1, 7) : 6.27908e-05
(2, 0, 1, 7, 5) : 0.000389063
(1, 1, 5, 4, 3) : 1.74412e-07
(0, 1, 2, 5, 2) : 4.30983e-05
(1, 1, 8, 11, 4) : 1.11744e-07
(0, 2, 0, 9, 0) : 1.44775e-05
(0, 2, 2, 6, 2) : 0.00265879
(1, 0, 1, 3, 4) : 0.000140647
(2, 0, 4, 14, 1) : 1.02326e-06
(1, 1, 2, 10, 3) : 4.27594e-05
(1, 0, 3, 11, 1) : 1.89145e-07
(1, 1, 4, 3, 7) : 3.51466e-05
(0, 2, 3, 12, 0) : 1.30166e-06
(0, 2, 3, 7, 1) : 1.50452e-05
(0, 2, 8, 4, 5) : 2.50488e-06
(1, 1, 7, 10, 3) : 2.29031e-06
(1, 0, 2, 10, 2) : 3.85441e-07
(2, 0, 1, 13, 0) : 1.79695e-06
(2, 0, 3, 0, 6) : 1.3178e-07
(1, 1, 7, 5, 6) : 8.38174e-06
(1, 1, 3, 2, 5) : 0.00146214
(2, 0, 1, 4, 7) : 3.80204e-05
(0, 2, 6, 9, 4) : 1.37466e-06
(2, 0, 8, 8, 7) : 9.48028e-08
(0, 2, 4, 13, 1) : 1.68538e-07
(1, 0, 3, 7, 1) : 3.45462e-07
(1, 0, 5, 4, 4) : 2.0829e-06
(1, 1, 2, 12, 2) : 6.02669e-06
(0, 1, 4, 7, 1) : 1.385e-06
(1, 1, 1, 1, 6) : 0.00116655
(2, 0, 2, 11, 2) : 0.000349933
(2, 0, 2, 4, 7) : 0.000132255
(0, 2, 7, 8, 1) : 4.11996e-07
(0, 2, 9, 3, 5) : 4.4623e-07
(2, 0, 6, 4, 8) : 2.97071e-06
(0, 2, 3, 0, 7) : 2.43819e-06
(2, 0, 1, 11, 3) : 4.02892e-05
(0, 1, 3, 3, 5) : 7.00434e-07
(2, 0, 4, 0, 7) : 9.1391e-06
(1, 1, 7, 6, 6) : 4.62155e-06
(2, 0, 7, 2, 9) : 2.2006e-07
(0, 2, 1, 3, 4) : 0.00304842
(0, 2, 4, 11, 2) : 2.25463e-06
(0, 2, 4, 0, 7) : 1.7596e-06
(0, 2, 6, 5, 3) : 3.58735e-05
(2, 0, 1, 0, 7) : 0.000465136
(2, 0, 8, 4, 7) : 1.37907e-06
(2, 0, 2, 7, 5) : 0.000780656
(0, 2, 0, 1, 3) : 1.41403e-07
(0, 1, 1, 8, 0) : 7.99986e-06
(1, 1, 4, 2, 9) : 2.07083e-07
(1, 1, 0, 5, 2) : 1.99924e-06
(1, 1, 7, 9, 4) : 3.4614e-06
(2, 0, 6, 7, 4) : 3.82084e-05
(1, 1, 2, 2, 4) : 1.18434e-05
(0, 1, 3, 6, 3) : 2.51679e-06
(0, 2, 1, 9, 3) : 1.34163e-06
(1, 1, 5, 4, 8) : 1.1588e-06
(0, 2, 3, 4, 7) : 6.55239e-07
(0, 2, 8, 7, 3) : 1.81115e-06
(1, 1, 1, 13, 0) : 6.92919e-06
(1, 1, 7, 2, 6) : 5.95746e-06
(1, 0, 4, 11, 1) : 8.29188e-08
(2, 0, 2, 8, 5) : 0.000145848
(1, 1, 2, 4, 6) : 0.000211381
(2, 0, 1, 5, 5) : 0.0124063
(1, 1, 4, 3, 8) : 2.58382e-06
(1, 1, 8, 9, 4) : 1.07583e-06
(0, 2, 2, 0, 6) : 3.20984e-05
(0, 1, 4, 8, 3) : 1.07588e-07
(2, 0, 4, 12, 1) : 5.05058e-06
(1, 0, 3, 9, 1) : 2.47867e-06
(2, 0, 2, 3, 5) : 0.000543356
(0, 2, 9, 9, 2) : 8.55706e-08
(1, 1, 5, 9, 3) : 5.41052e-05
(2, 0, 4, 3, 9) : 9.97937e-07
(2, 0, 5, 13, 4) : 1.67493e-07
(1, 1, 1, 10, 4) : 2.3692e-07
(0, 2, 6, 2, 8) : 2.13246e-07
(1, 1, 8, 6, 6) : 1.56931e-06
(0, 1, 2, 1, 5) : 1.60515e-06
(1, 1, 7, 7, 2) : 1.29042e-07
(1, 0, 3, 2, 6) : 9.30036e-07
(0, 2, 2, 10, 1) : 4.34663e-05
(0, 2, 6, 4, 5) : 2.52373e-05
(1, 0, 5, 6, 4) : 8.62039e-07
(0, 2, 2, 3, 6) : 1.94637e-05
(1, 0, 3, 7, 2) : 1.44883e-05
(2, 0, 7, 6, 4) : 4.07978e-06
(1, 1, 3, 3, 4) : 0.000173024
(2, 0, 2, 6, 3) : 2.20048e-05
(0, 2, 5, 11, 1) : 1.76952e-06
(0, 2, 7, 10, 1) : 3.85669e-07
(0, 2, 9, 8, 2) : 1.32159e-07
(2, 0, 3, 12, 3) : 1.13802e-05
(2, 0, 7, 5, 6) : 1.09557e-05
(2, 0, 5, 1, 9) : 8.74904e-07
(2, 0, 8, 5, 6) : 2.57982e-06
(0, 2, 1, 1, 4) : 0.000164164
(2, 0, 5, 8, 3) : 5.5422e-05
(0, 2, 4, 6, 3) : 0.000331089
(1, 1, 6, 10, 1) : 1.24397e-06
(1, 1, 4, 2, 4) : 7.00064e-07
(0, 2, 7, 6, 4) : 8.77027e-06
(1, 1, 7, 11, 4) : 2.9981e-07
(1, 1, 5, 3, 7) : 2.11081e-05
(2, 0, 8, 2, 9) : 7.14179e-08
(0, 2, 7, 1, 8) : 8.36336e-08
(0, 2, 3, 6, 3) : 0.00072312
(0, 2, 6, 8, 3) : 1.11409e-05
(0, 2, 5, 5, 7) : 3.61197e-07
(1, 1, 5, 10, 5) : 7.60034e-07
(1, 1, 1, 11, 0) : 7.91325e-06
(2, 0, 7, 9, 6) : 5.81497e-07
(1, 1, 3, 10, 2) : 0.000174859
(1, 0, 2, 9, 2) : 2.60181e-06
(0, 2, 8, 10, 2) : 2.24534e-07
(2, 0, 2, 10, 5) : 2.4329e-06
(0, 2, 6, 3, 7) : 1.58456e-06
(1, 1, 2, 6, 3) : 0.0100564
(0, 2, 7, 2, 4) : 1.9019e-06
(1, 1, 3, 12, 3) : 1.20874e-06
(1, 0, 2, 7, 1) : 1.62663e-06
(2, 0, 1, 10, 1) : 3.48882e-06
(1, 0, 0, 6, 1) : 7.25819e-07
(1, 1, 1, 8, 4) : 4.22802e-05
(2, 0, 7, 10, 6) : 1.51465e-07
(1, 1, 3, 7, 6) : 5.47261e-06
(0, 1, 2, 3, 5) : 4.97039e-07
(2, 0, 5, 2, 7) : 4.20667e-05
(0, 2, 4, 8, 2) : 0.000104186
(0, 2, 6, 6, 5) : 8.23758e-06
(2, 0, 6, 13, 2) : 4.63157e-07
(1, 1, 2, 8, 2) : 0.00318919
(2, 0, 0, 14, 0) : 2.06748e-05
(1, 1, 4, 13, 0) : 7.28929e-07
(1, 0, 1, 10, 0) : 4.09854e-06
(2, 0, 2, 15, 2) : 9.28209e-08
(2, 0, 6, 6, 7) : 5.43076e-06
(1, 1, 2, 1, 5) : 0.000127515
(2, 0, 0, 7, 3) : 0.00396088
(0, 2, 5, 9, 1) : 9.50371e-06
(0, 2, 3, 5, 4) : 0.000458626
(1, 1, 3, 7, 2) : 8.60309e-05
(0, 1, 5, 8, 1) : 2.22471e-07
(2, 0, 6, 0, 8) : 4.16897e-07
(1, 1, 9, 3, 6) : 5.00371e-07
(0, 2, 6, 6, 2) : 1.05452e-05
(1, 1, 3, 0, 6) : 8.11712e-05
(2, 0, 1, 6, 4) : 0.0342412
(1, 0, 4, 3, 4) : 6.96523e-06
(2, 0, 5, 6, 7) : 1.06703e-05
(1, 1, 1, 3, 5) : 0.00733206
(1, 0, 1, 4, 3) : 0.000461212
(2, 0, 2, 9, 3) : 0.00206826
(1, 1, 6, 12, 1) : 6.53968e-07
(0, 1, 0, 7, 0) : 1.66318e-06
(0, 1, 2, 6, 2) : 1.6515e-05
(2, 0, 2, 2, 6) : 0.00338761
(2, 0, 4, 4, 9) : 4.19513e-07
(2, 0, 8, 5, 8) : 2.44996e-07
(1, 0, 3, 1, 6) : 9.66336e-07
(2, 0, 4, 13, 3) : 1.34107e-06
(1, 1, 2, 5, 5) : 0.00107489
(0, 1, 3, 1, 6) : 1.07267e-07
(2, 0, 4, 2, 6) : 0.000200838
(0, 2, 3, 9, 4) : 1.62633e-06
(2, 0, 3, 3, 5) : 0.000134144
(1, 1, 7, 4, 7) : 2.97465e-06
(0, 2, 1, 5, 3) : 0.00347487
(1, 1, 5, 8, 5) : 1.43407e-05
(0, 1, 2, 9, 0) : 9.86648e-07
(0, 2, 4, 2, 6) : 3.84475e-05
(2, 0, 7, 11, 2) : 4.3348e-07
(1, 1, 3, 4, 6) : 0.000250832
(1, 1, 5, 7, 4) : 0.000156012
(1, 1, 1, 0, 7) : 3.33769e-05
(2, 0, 8, 6, 6) : 2.1416e-06
(0, 2, 2, 11, 3) : 1.0793e-07
(2, 0, 2, 5, 6) : 0.000833342
(0, 1, 4, 4, 3) : 5.65364e-06
(1, 1, 4, 12, 4) : 1.74538e-07
(1, 0, 5, 8, 1) : 1.39619e-07
(1, 1, 2, 0, 7) : 4.1748e-05
(1, 1, 4, 5, 3) : 4.79703e-05
(0, 1, 3, 4, 2) : 1.66103e-05
(2, 0, 4, 1, 6) : 4.68535e-06
(0, 2, 1, 11, 2) : 2.17414e-07
(0, 2, 3, 10, 0) : 1.05483e-05
(0, 2, 1, 2, 5) : 0.000422263
(1, 1, 9, 4, 6) : 6.43119e-07
(1, 1, 5, 13, 3) : 1.73064e-07
(1, 0, 0, 8, 1) : 0.000168801
(1, 1, 7, 0, 7) : 2.63357e-07
(0, 1, 4, 3, 5) : 4.35891e-07
(0, 2, 2, 13, 0) : 2.77962e-07
(1, 1, 6, 2, 9) : 1.54225e-07
(0, 2, 2, 6, 1) : 2.01678e-06
(1, 1, 1, 4, 7) : 6.36457e-07
(1, 1, 6, 11, 3) : 2.13498e-06
(0, 1, 0, 0, 4) : 2.74353e-05
(2, 0, 0, 12, 0) : 4.32174e-07
(1, 0, 1, 12, 0) : 8.69813e-08
(2, 0, 2, 1, 6) : 8.66656e-05
(1, 1, 6, 4, 6) : 3.41449e-05
(1, 1, 2, 3, 5) : 0.00543516
(0, 2, 9, 6, 4) : 5.93351e-07
(0, 2, 3, 7, 4) : 4.40177e-05
(1, 0, 2, 3, 4) : 7.56661e-05
(0, 2, 5, 6, 2) : 5.05768e-05
(1, 1, 5, 11, 2) : 9.12529e-06
(0, 1, 5, 6, 1) : 2.78907e-07
(1, 1, 0, 0, 6) : 0.00131962
(2, 0, 5, 6, 8) : 8.98996e-07
(0, 2, 4, 7, 1) : 3.84107e-06
(0, 2, 1, 6, 5) : 6.35214e-07
(2, 0, 1, 4, 4) : 9.61766e-05
(0, 2, 6, 9, 1) : 2.40376e-06
(0, 2, 8, 2, 5) : 1.08661e-06
(2, 0, 1, 3, 8) : 2.04314e-06
(1, 1, 5, 0, 8) : 8.30344e-07
(0, 2, 2, 1, 7) : 2.69182e-06
(1, 1, 1, 1, 5) : 0.000368888
(2, 0, 7, 3, 7) : 4.73934e-06
(1, 1, 6, 7, 6) : 4.17161e-06
(2, 0, 6, 3, 9) : 4.94344e-07
(0, 2, 0, 2, 4) : 0.00949574
(0, 2, 7, 8, 2) : 2.93322e-06
(0, 2, 7, 3, 7) : 7.52662e-07
(1, 1, 2, 7, 5) : 5.18439e-05
(2, 0, 5, 2, 9) : 1.10026e-06
(0, 1, 3, 3, 2) : 7.43579e-07
(1, 0, 4, 7, 3) : 2.93021e-06
(0, 2, 3, 2, 3) : 1.19249e-06
(0, 2, 8, 1, 7) : 1.50144e-07
(1, 0, 1, 0, 6) : 8.27901e-07
(1, 1, 3, 6, 2) : 3.5593e-06
(1, 1, 6, 8, 4) : 2.50837e-05
(1, 1, 5, 5, 4) : 0.000325362
(2, 0, 3, 7, 6) : 6.01627e-05
(1, 1, 8, 10, 3) : 6.41121e-07
(1, 1, 4, 5, 8) : 1.32834e-07
(1, 1, 0, 12, 0) : 8.72605e-05
(2, 0, 6, 14, 2) : 1.31914e-07
(1, 1, 6, 3, 6) : 3.61391e-05
(1, 0, 5, 10, 1) : 8.13278e-08
(2, 0, 0, 4, 5) : 0.0702739
(1, 1, 7, 0, 8) : 1.06954e-07
(0, 2, 5, 8, 3) : 2.69733e-05
(0, 2, 5, 7, 6) : 3.97324e-07
(0, 2, 1, 0, 5) : 0.000470351
(1, 0, 4, 0, 5) : 1.88866e-07
(1, 1, 3, 8, 3) : 0.000856646
(1, 0, 2, 11, 1) : 2.98005e-07
(2, 0, 1, 14, 1) : 4.20827e-06
(2, 0, 5, 7, 4) : 0.000172046
(2, 0, 8, 11, 2) : 6.91026e-08
(0, 2, 4, 12, 2) : 4.09857e-07
(0, 2, 6, 1, 4) : 2.10117e-07
(0, 1, 4, 8, 0) : 1.45482e-07
(1, 1, 4, 8, 3) : 0.000365436
(2, 0, 4, 12, 4) : 1.41242e-06
(2, 0, 6, 9, 2) : 1.70883e-07
(0, 1, 3, 0, 5) : 4.80925e-07
(1, 0, 1, 6, 2) : 0.000282119
(0, 2, 9, 4, 4) : 5.21167e-07
(0, 1, 3, 8, 3) : 1.01274e-07
(0, 2, 5, 13, 1) : 1.06996e-07
(1, 0, 2, 1, 4) : 1.51897e-06
(0, 2, 5, 4, 6) : 1.19189e-05
(1, 1, 5, 9, 6) : 2.35524e-07
(1, 0, 0, 4, 2) : 1.78199e-06
(2, 0, 7, 8, 7) : 2.89315e-07
(1, 1, 3, 5, 5) : 0.00092395
(1, 1, 1, 1, 8) : 4.43678e-07
(0, 2, 1, 4, 5) : 3.54753e-05
(0, 2, 4, 10, 1) : 1.3585e-05
(1, 0, 4, 4, 5) : 1.81285e-06
(0, 2, 6, 11, 1) : 6.27778e-07
(2, 0, 5, 11, 4) : 4.61691e-06
(0, 2, 8, 9, 2) : 4.50558e-07
(0, 1, 4, 5, 4) : 7.65303e-07
(1, 0, 1, 8, 3) : 6.01353e-07
(2, 0, 2, 13, 3) : 1.0238e-06
(2, 0, 6, 4, 6) : 4.30134e-05
(2, 0, 4, 0, 9) : 6.56076e-07
(0, 2, 0, 0, 4) : 1.79026e-06
(2, 0, 4, 9, 3) : 0.000235792
(0, 2, 7, 5, 3) : 8.05624e-06
(0, 2, 3, 2, 8) : 1.48137e-07
(2, 0, 3, 12, 4) : 1.32537e-06
(0, 2, 5, 0, 6) : 3.389e-06
(1, 0, 6, 6, 3) : 1.93062e-07
(0, 2, 1, 1, 3) : 7.97403e-08
(1, 0, 3, 3, 3) : 1.33386e-06
(1, 1, 3, 9, 5) : 2.96458e-06
(1, 0, 2, 4, 3) : 0.000126764
(0, 2, 6, 7, 4) : 1.22439e-05
(1, 1, 6, 10, 4) : 2.73162e-06
(0, 2, 3, 9, 2) : 6.40353e-05
(0, 1, 2, 4, 3) : 2.76021e-05
(1, 1, 4, 2, 7) : 4.53206e-05
(0, 2, 2, 7, 3) : 0.000282204
(0, 2, 9, 7, 3) : 3.81142e-07
(0, 2, 4, 4, 7) : 1.21036e-06
(2, 0, 4, 15, 0) : 8.98897e-08
(1, 1, 0, 10, 0) : 1.1117e-06
(2, 0, 6, 8, 6) : 4.5506e-06
(1, 1, 2, 11, 2) : 4.68459e-05
(1, 0, 3, 8, 2) : 6.19066e-06
(1, 1, 0, 3, 3) : 2.31228e-06
(1, 1, 9, 2, 7) : 1.54086e-07
(0, 2, 1, 7, 2) : 0.00141293
(0, 2, 5, 5, 2) : 3.21728e-06
(2, 0, 3, 8, 4) : 0.000973219
(1, 1, 1, 11, 3) : 8.21959e-07
(1, 0, 4, 2, 5) : 2.75825e-06
(1, 0, 2, 9, 1) : 7.34823e-06
(2, 0, 1, 12, 1) : 0.000282683
(2, 0, 5, 5, 4) : 8.55325e-06
(1, 1, 1, 2, 4) : 3.62367e-05
(0, 2, 2, 9, 0) : 3.8314e-06
(0, 2, 6, 3, 4) : 3.09274e-05
(2, 0, 5, 3, 9) : 8.31833e-07
(2, 0, 0, 11, 1) : 0.000112956
(1, 0, 1, 7, 1) : 6.34666e-06
(1, 1, 2, 6, 6) : 1.11752e-05
(0, 1, 3, 2, 5) : 1.10879e-06
(2, 0, 4, 3, 7) : 0.000143897
(0, 2, 7, 11, 2) : 2.68631e-07
(0, 2, 3, 8, 5) : 6.48513e-07
(0, 1, 1, 3, 4) : 4.58183e-06
(2, 0, 1, 10, 2) : 0.00307056
(0, 2, 6, 5, 4) : 4.05613e-05
(2, 0, 3, 13, 0) : 1.26785e-07
(1, 1, 3, 7, 5) : 8.53802e-05
(0, 2, 6, 7, 2) : 1.48791e-05
(2, 0, 1, 1, 7) : 0.000820795
(1, 1, 5, 6, 5) : 0.000112129
(2, 0, 8, 7, 7) : 3.23857e-07
(0, 2, 4, 8, 1) : 4.42626e-05
(1, 0, 4, 6, 5) : 2.09699e-07
(0, 2, 2, 4, 4) : 0.00139032
(2, 0, 5, 9, 4) : 5.34359e-05
(1, 1, 1, 6, 4) : 0.00248062
(1, 1, 8, 2, 6) : 1.31888e-06
(1, 1, 2, 1, 6) : 0.000867217
(0, 2, 5, 9, 4) : 2.13918e-06
(0, 2, 7, 12, 2) : 6.99321e-08
(1, 0, 5, 2, 4) : 5.3805e-07
(0, 1, 1, 9, 1) : 3.93957e-07
(2, 0, 4, 7, 7) : 4.13086e-06
(1, 1, 0, 2, 5) : 0.0240062
(0, 1, 3, 7, 2) : 3.22521e-06
(1, 1, 7, 3, 4) : 2.62393e-07
(0, 2, 1, 8, 2) : 0.000242689
(1, 0, 0, 5, 2) : 6.6001e-05
(1, 1, 1, 12, 1) : 2.03058e-05
(1, 0, 4, 3, 3) : 9.31574e-08
(1, 1, 5, 2, 5) : 7.77055e-05
(2, 0, 3, 10, 6) : 2.56835e-07
(2, 0, 8, 3, 7) : 1.1207e-06
(1, 1, 8, 1, 6) : 3.41035e-07
(1, 1, 1, 9, 1) : 0.000148808
(0, 2, 2, 8, 4) : 4.00028e-06
(2, 0, 2, 2, 5) : 1.0461e-05
(1, 1, 6, 5, 7) : 3.76552e-06
(0, 2, 0, 4, 3) : 0.0172323
(1, 1, 4, 9, 5) : 4.19413e-06
(0, 1, 3, 8, 0) : 6.60476e-07
(0, 2, 7, 1, 6) : 1.30863e-06
(2, 0, 6, 10, 2) : 2.04563e-06
(1, 1, 2, 5, 6) : 5.62717e-05
(2, 0, 0, 3, 4) : 4.39422e-06
(1, 1, 4, 6, 4) : 0.000827908
(0, 1, 3, 1, 3) : 2.63416e-07
(2, 0, 3, 3, 8) : 1.95371e-05
(0, 2, 5, 12, 3) : 8.51921e-08
(1, 1, 3, 13, 0) : 2.22841e-06
(0, 2, 8, 3, 4) : 1.41119e-06
(0, 1, 5, 5, 3) : 1.29267e-06
(2, 0, 3, 10, 4) : 5.86772e-05
(1, 1, 3, 4, 3) : 6.07865e-06
(1, 1, 5, 7, 7) : 3.7397e-07
(2, 0, 3, 5, 5) : 0.00305373
(1, 1, 7, 6, 3) : 5.47814e-06
(2, 0, 7, 2, 6) : 1.3238e-06
(0, 2, 2, 11, 0) : 9.87353e-06
(2, 0, 6, 12, 1) : 1.84789e-07
(2, 0, 0, 9, 1) : 4.10958e-07
(1, 1, 4, 12, 3) : 1.35612e-06
(1, 0, 1, 9, 1) : 1.3878e-05
(1, 1, 6, 1, 7) : 4.72814e-06
(2, 0, 2, 7, 2) : 7.46919e-08
(0, 2, 5, 10, 0) : 6.49974e-07
(0, 2, 1, 2, 6) : 1.18288e-05
(0, 1, 1, 1, 4) : 1.95486e-05
(2, 0, 3, 15, 0) : 3.05617e-07
(2, 0, 1, 7, 3) : 0.00165104
(1, 1, 5, 4, 5) : 0.00026751
(2, 0, 3, 6, 7) : 1.45273e-05
(2, 0, 5, 0, 8) : 1.55081e-06
(0, 2, 8, 7, 4) : 1.53601e-06
(0, 2, 2, 6, 4) : 0.000130286
(1, 0, 3, 2, 4) : 1.43141e-05
(0, 2, 4, 7, 2) : 0.000202283
(1, 1, 4, 10, 2) : 7.46061e-05
(2, 0, 7, 6, 6) : 8.10783e-06
(1, 1, 3, 3, 6) : 0.000480273
(2, 0, 0, 5, 4) : 0.00668924
(1, 1, 4, 1, 8) : 3.88703e-06
(0, 1, 5, 6, 4) : 1.53082e-07
(1, 1, 0, 0, 5) : 4.91356e-06
(2, 0, 6, 2, 7) : 1.12523e-05
(1, 0, 3, 4, 3) : 2.91585e-05
(0, 2, 3, 1, 4) : 1.88488e-05
(0, 2, 6, 9, 2) : 5.78373e-06
(2, 0, 5, 13, 3) : 7.54967e-07
(1, 1, 1, 10, 1) : 0.001144
(0, 2, 6, 2, 7) : 1.7755e-06
(1, 0, 2, 8, 3) : 1.81322e-06
(2, 0, 3, 2, 7) : 0.000338912
(1, 0, 5, 6, 3) : 1.76638e-06
(0, 2, 2, 3, 3) : 0.00022885
(0, 1, 3, 10, 0) : 1.27311e-07
(1, 1, 2, 7, 2) : 0.000314754
(1, 1, 9, 7, 4) : 7.15345e-07
(0, 1, 1, 2, 3) : 0.000144991
(1, 1, 4, 4, 4) : 0.000888269
(2, 0, 2, 6, 6) : 0.000206946
(0, 2, 3, 11, 3) : 3.59708e-07
(0, 2, 5, 2, 7) : 3.22609e-06
(0, 2, 1, 3, 2) : 1.99569e-07
(1, 1, 3, 15, 0) : 9.23546e-08
(2, 0, 1, 9, 2) : 0.000420411
(2, 0, 5, 10, 5) : 3.94412e-06
(1, 1, 1, 7, 3) : 0.00657912
(1, 1, 5, 5, 3) : 1.00002e-05
(2, 0, 3, 7, 5) : 0.0006192
(1, 1, 6, 1, 8) : 1.07157e-06
(0, 2, 4, 9, 3) : 1.3701e-05
(0, 2, 4, 6, 6) : 1.80051e-06
(1, 0, 5, 1, 5) : 2.96887e-07
(2, 0, 6, 14, 1) : 8.00279e-08
(1, 1, 2, 9, 3) : 0.000278633
(1, 0, 3, 10, 1) : 8.58731e-07
(0, 1, 4, 6, 1) : 1.40212e-06
(1, 0, 1, 11, 1) : 1.62747e-07
(2, 0, 4, 6, 4) : 0.000634327
(0, 2, 5, 7, 1) : 8.5967e-07
(1, 1, 7, 11, 3) : 7.96429e-07
(2, 0, 6, 1, 9) : 3.83665e-07
(1, 0, 4, 0, 6) : 1.37154e-07
(1, 1, 3, 8, 4) : 0.00018349
(2, 0, 1, 14, 2) : 2.99455e-07
(2, 0, 5, 7, 7) : 3.44284e-06
(1, 1, 9, 9, 2) : 7.21345e-08
(0, 2, 8, 5, 4) : 3.1581e-06
(0, 2, 4, 12, 1) : 9.33042e-07
(0, 2, 4, 5, 6) : 6.18253e-06
(1, 1, 4, 8, 6) : 1.65705e-06
(1, 0, 1, 5, 2) : 2.19816e-05
(0, 1, 0, 6, 1) : 0.00016141
(1, 1, 2, 4, 5) : 0.00301853
(1, 1, 9, 4, 5) : 7.0726e-07
(2, 0, 8, 9, 6) : 2.12073e-07
(2, 0, 9, 3, 7) : 1.56719e-07
(0, 2, 7, 9, 1) : 5.42183e-07
(1, 0, 5, 5, 5) : 4.35738e-07
(2, 0, 4, 10, 4) : 3.81385e-05
(1, 1, 5, 9, 5) : 3.65577e-06
(0, 1, 5, 4, 4) : 8.08237e-07
(2, 0, 1, 3, 6) : 0.00637139
(2, 0, 7, 3, 9) : 2.03985e-07
(0, 2, 1, 4, 2) : 1.48701e-05
(0, 2, 4, 10, 4) : 4.09626e-07
(1, 0, 4, 4, 6) : 1.34612e-07
(0, 2, 3, 3, 4) : 0.00120397
(1, 1, 3, 12, 4) : 9.41716e-08
(1, 0, 2, 7, 4) : 6.95553e-07
(0, 1, 2, 8, 1) : 3.51734e-06
(1, 1, 1, 8, 1) : 8.67927e-06
(2, 0, 7, 10, 3) : 2.01423e-06
(0, 2, 6, 4, 3) : 1.86429e-05
(2, 0, 2, 8, 3) : 0.00478304
(0, 2, 4, 1, 6) : 2.91988e-05
(2, 0, 3, 4, 7) : 0.000147769
(1, 1, 2, 8, 5) : 7.74417e-06
(0, 1, 4, 3, 4) : 2.88211e-06
(0, 2, 5, 2, 8) : 2.92446e-07
(0, 2, 9, 8, 4) : 1.63383e-07
(1, 1, 9, 5, 4) : 5.1716e-07
(0, 1, 3, 5, 3) : 7.41698e-06
(1, 1, 7, 1, 7) : 1.35234e-06
(0, 2, 1, 10, 3) : 9.13732e-08
(0, 2, 8, 6, 3) : 2.13622e-06
(1, 1, 7, 8, 5) : 3.23213e-06
(1, 1, 5, 12, 2) : 2.51464e-06
(2, 0, 5, 8, 5) : 4.95684e-05
(1, 1, 8, 3, 7) : 1.12569e-06
(0, 1, 2, 4, 4) : 3.09355e-06
(0, 1, 3, 2, 3) : 1.16051e-05
(0, 2, 0, 6, 2) : 0.00943369
(0, 2, 4, 4, 2) : 3.96855e-07
(2, 0, 2, 9, 4) : 0.000349908
(1, 1, 6, 12, 4) : 1.30234e-07
(1, 0, 5, 3, 5) : 9.94587e-07
(1, 0, 3, 8, 1) : 3.80052e-06
(2, 0, 4, 4, 4) : 1.2853e-06
(1, 1, 0, 3, 4) : 0.00342359
(1, 1, 5, 10, 3) : 1.78046e-05
(2, 0, 4, 2, 9) : 1.59302e-06
(1, 1, 3, 10, 4) : 6.30161e-06
(1, 1, 5, 1, 6) : 3.40986e-05
(0, 2, 3, 0, 8) : 1.47836e-07
(0, 2, 6, 10, 2) : 2.24367e-06
(2, 0, 5, 12, 5) : 1.38376e-07
(0, 2, 8, 8, 5) : 1.72586e-07
(0, 1, 2, 0, 4) : 4.04491e-06
(1, 1, 4, 14, 2) : 1.40167e-07
(0, 1, 0, 4, 1) : 2.14604e-07
(1, 1, 8, 12, 2) : 9.03784e-08
(1, 1, 2, 6, 5) : 0.00027178
(2, 0, 0, 0, 7) : 0.000965698
(1, 1, 4, 7, 5) : 7.53413e-05
(2, 0, 2, 5, 3) : 2.09813e-07
(0, 2, 7, 11, 1) : 1.79566e-07
(0, 2, 5, 3, 4) : 0.000123163
(2, 0, 4, 8, 4) : 0.000379473
(1, 0, 5, 8, 4) : 9.79412e-08
(0, 1, 3, 4, 5) : 1.69338e-07
(2, 0, 9, 7, 4) : 1.10567e-07
(2, 0, 3, 13, 3) : 1.60991e-06
(1, 1, 5, 6, 6) : 2.05527e-05
(2, 0, 3, 4, 4) : 6.29666e-06
(0, 2, 4, 8, 4) : 1.09113e-05
(1, 0, 4, 6, 2) : 3.53524e-06
(1, 0, 2, 5, 4) : 1.5917e-05
(2, 0, 1, 8, 6) : 4.84642e-07
(0, 2, 2, 4, 7) : 8.51308e-08
(0, 1, 2, 10, 1) : 1.1279e-07
(2, 0, 5, 9, 3) : 5.91388e-05
(2, 0, 7, 4, 7) : 5.222e-06
(1, 1, 3, 1, 5) : 3.4986e-05
(0, 1, 0, 2, 2) : 2.626e-07
(1, 1, 8, 11, 2) : 2.15306e-07
(0, 1, 4, 1, 4) : 1.39353e-06
(1, 1, 4, 3, 5) : 0.000776414
(0, 1, 1, 6, 3) : 8.16624e-07
(0, 2, 6, 6, 3) : 3.54834e-05
(0, 2, 3, 7, 3) : 0.000259565
(0, 2, 8, 4, 7) : 1.48331e-07
(1, 0, 0, 2, 3) : 1.14473e-06
(1, 1, 7, 10, 5) : 2.79615e-07
(0, 2, 6, 0, 6) : 1.00806e-06
(1, 0, 2, 10, 0) : 1.11162e-06
(2, 0, 1, 13, 2) : 4.88335e-06
(1, 1, 5, 2, 6) : 8.43504e-05
(1, 1, 7, 5, 4) : 1.65483e-05
(1, 1, 1, 3, 3) : 1.07279e-06
(1, 1, 3, 2, 7) : 6.53321e-05
(0, 1, 4, 3, 3) : 5.5193e-06
(0, 1, 2, 6, 4) : 1.28145e-07
(2, 0, 2, 2, 8) : 2.88317e-05
(1, 1, 2, 12, 0) : 1.86218e-05
(2, 0, 5, 4, 8) : 5.82814e-06
(1, 1, 4, 9, 2) : 0.000174185
(0, 1, 6, 6, 3) : 8.2709e-08
(2, 0, 2, 11, 4) : 6.22042e-06
(1, 1, 2, 5, 3) : 0.000747867
(1, 1, 4, 6, 7) : 1.99832e-06
(2, 0, 2, 4, 5) : 0.0106024
(1, 1, 6, 7, 3) : 4.47978e-05
(1, 1, 0, 1, 4) : 5.96672e-07
(2, 0, 6, 3, 6) : 2.72179e-05
(2, 0, 9, 9, 4) : 1.11058e-07
(2, 0, 4, 5, 5) : 0.000914635
(0, 2, 5, 12, 0) : 2.18199e-07
(0, 2, 1, 5, 5) : 5.64604e-06
(1, 0, 4, 5, 5) : 7.91063e-07
(0, 2, 3, 0, 5) : 5.8667e-05
(1, 1, 3, 13, 3) : 1.39585e-07
(2, 0, 1, 11, 1) : 4.64113e-05
(1, 0, 0, 7, 1) : 1.92152e-05
(2, 0, 3, 10, 1) : 2.20514e-07
(1, 1, 5, 7, 2) : 4.19649e-06
(0, 2, 4, 11, 0) : 1.71071e-06
(1, 1, 3, 6, 7) : 1.10409e-06
(2, 0, 1, 0, 9) : 2.61728e-07
(2, 0, 6, 12, 4) : 4.84157e-07
(0, 1, 2, 2, 4) : 1.37577e-05
(2, 0, 9, 4, 7) : 1.98482e-07
(1, 0, 1, 9, 2) : 1.50029e-06
(2, 0, 2, 14, 0) : 2.94377e-06
(2, 0, 0, 6, 3) : 0.000209316
(1, 1, 4, 5, 5) : 0.000505116
(2, 0, 2, 7, 7) : 9.40649e-07
(2, 0, 4, 1, 8) : 1.57359e-05
(0, 1, 1, 8, 2) : 2.62959e-07
(0, 2, 5, 1, 4) : 1.052e-06
(1, 0, 0, 1, 4) : 1.70402e-05
(1, 1, 7, 9, 2) : 2.40004e-06
(2, 0, 6, 7, 6) : 1.24573e-05
(1, 1, 2, 2, 6) : 0.000950646
(2, 0, 7, 4, 8) : 1.18868e-06
(0, 2, 3, 4, 5) : 0.000161738
(2, 0, 3, 6, 4) : 0.00282568
(1, 1, 1, 13, 2) : 9.77278e-08
(2, 0, 3, 1, 8) : 3.0842e-05
(1, 1, 7, 2, 8) : 6.48151e-07
(1, 1, 4, 10, 5) : 7.19938e-07
(1, 1, 3, 3, 5) : 0.00236354
(2, 0, 1, 5, 7) : 5.57321e-06
(0, 1, 2, 7, 0) : 2.36957e-07
(0, 2, 2, 0, 4) : 3.90538e-07
(2, 0, 4, 12, 3) : 7.38853e-06
(1, 0, 3, 9, 3) : 3.24974e-07
(1, 1, 4, 1, 5) : 8.23404e-06
(2, 0, 2, 3, 7) : 0.000355608
(2, 0, 3, 9, 6) : 1.98776e-06
(2, 0, 3, 0, 9) : 1.00242e-06
(0, 2, 1, 6, 3) : 0.000785871
(0, 2, 3, 1, 7) : 4.51287e-06
(1, 1, 3, 11, 1) : 5.81402e-05
(0, 2, 5, 4, 3) : 8.96747e-05
(1, 1, 1, 10, 2) : 0.000221452
(1, 1, 8, 6, 4) : 4.31657e-06
(0, 1, 2, 1, 3) : 1.09144e-06
(1, 1, 7, 7, 4) : 1.49073e-05
(0, 2, 2, 10, 3) : 1.07826e-06
(0, 2, 4, 3, 7) : 2.78993e-06
