(1, 1, 2, 14, 0) : 1.66695e-07
(2, 0, 5, 2, 8) : 1.26806e-07
(0, 2, 1, 8, 3) : 9.38333e-07
(2, 0, 1, 6, 6) : 4.0765e-06
(0, 2, 5, 1, 6) : 3.79267e-07
(1, 1, 0, 6, 3) : 0.0774087
(0, 2, 1, 2, 4) : 0.00698321
(2, 0, 2, 8, 3) : 0.00247512
(0, 1, 1, 1, 3) : 9.14923e-07
(2, 0, 2, 6, 5) : 0.000506041
(0, 2, 5, 6, 3) : 8.32421e-06
(2, 0, 0, 8, 2) : 2.53492e-05
(2, 0, 2, 6, 4) : 0.00573858
(1, 1, 5, 4, 4) : 4.16649e-05
(2, 0, 3, 6, 6) : 7.34828e-06
(1, 1, 2, 6, 3) : 0.00658914
(0, 2, 3, 2, 5) : 4.69168e-05
(1, 1, 6, 5, 4) : 6.25743e-06
(2, 0, 3, 12, 1) : 7.46903e-06
(1, 1, 1, 4, 3) : 1.69875e-05
(1, 1, 4, 10, 3) : 8.72991e-07
(1, 1, 3, 3, 7) : 4.82414e-07
(2, 0, 4, 13, 1) : 4.10046e-07
(0, 1, 2, 7, 2) : 1.81061e-07
(0, 2, 7, 2, 4) : 2.26039e-07
(0, 2, 1, 1, 6) : 2.99457e-06
(1, 1, 4, 1, 6) : 1.99466e-05
(1, 0, 2, 7, 1) : 2.24628e-07
(2, 0, 1, 10, 1) : 6.5486e-07
(2, 0, 2, 1, 6) : 2.34593e-05
(0, 2, 3, 8, 2) : 3.17401e-05
(1, 1, 1, 8, 4) : 2.85476e-06
(2, 0, 4, 4, 6) : 3.76971e-05
(2, 0, 5, 2, 7) : 2.05499e-06
(1, 1, 2, 9, 4) : 5.03113e-07
(1, 1, 4, 7, 2) : 3.21722e-06
(1, 1, 4, 1, 7) : 1.37959e-06
(1, 1, 5, 8, 2) : 1.02213e-05
(1, 1, 5, 8, 3) : 7.71612e-06
(0, 2, 0, 8, 1) : 0.00301778
(2, 0, 4, 4, 5) : 0.000147571
(1, 1, 3, 9, 2) : 0.000129734
(2, 0, 1, 2, 6) : 0.00898696
(2, 0, 3, 5, 4) : 3.60114e-05
(1, 1, 1, 0, 5) : 5.88597e-07
(0, 2, 1, 6, 1) : 1.43646e-06
(1, 1, 4, 13, 0) : 1.25313e-07
(1, 0, 1, 10, 0) : 1.73096e-06
(0, 2, 3, 1, 5) : 6.3182e-05
(2, 0, 4, 1, 7) : 8.42161e-06
(1, 1, 2, 1, 5) : 4.24931e-05
(0, 2, 2, 11, 1) : 7.06686e-07
(1, 1, 1, 10, 0) : 1.33901e-07
(0, 1, 1, 7, 1) : 4.78952e-06
(0, 2, 6, 2, 4) : 1.87453e-06
(1, 0, 2, 8, 2) : 1.06441e-06
(0, 2, 5, 9, 1) : 1.37607e-06
(0, 2, 3, 7, 3) : 1.7855e-05
(2, 0, 3, 2, 6) : 0.000319383
(2, 0, 0, 9, 2) : 0.000781591
(0, 2, 3, 5, 4) : 3.02881e-05
(0, 2, 6, 8, 1) : 4.09041e-07
(1, 0, 2, 2, 5) : 1.2145e-06
(1, 1, 3, 6, 5) : 1.06631e-05
(0, 2, 4, 3, 5) : 8.01314e-06
(0, 2, 5, 10, 1) : 3.4595e-07
(1, 1, 3, 0, 6) : 3.72426e-05
(2, 0, 1, 6, 4) : 0.0286316
(2, 0, 4, 11, 3) : 1.3768e-06
(2, 0, 0, 2, 6) : 0.0360407
(0, 1, 1, 2, 4) : 1.45419e-06
(1, 1, 4, 4, 5) : 6.771e-05
(1, 0, 4, 3, 4) : 5.43222e-07
(0, 2, 0, 5, 2) : 0.000587628
(2, 0, 1, 6, 3) : 1.51865e-05
(0, 2, 2, 2, 4) : 0.00195487
(1, 1, 1, 3, 5) : 0.00364881
(2, 0, 1, 11, 2) : 0.000271552
(1, 0, 1, 4, 3) : 0.000200287
(0, 2, 3, 11, 0) : 1.36937e-06
(1, 1, 5, 4, 6) : 1.32146e-06
(0, 1, 0, 7, 0) : 5.54404e-07
(0, 2, 5, 2, 6) : 2.95479e-07
(1, 1, 0, 9, 1) : 0.000214375
(0, 1, 2, 6, 2) : 1.45612e-06
(0, 2, 1, 3, 3) : 0.000318506
(2, 0, 2, 2, 6) : 0.00184298
(1, 0, 2, 6, 3) : 3.11864e-06
(2, 0, 1, 9, 3) : 0.0015915
(2, 0, 5, 10, 4) : 2.62672e-07
(1, 1, 1, 7, 4) : 5.04297e-05
(0, 2, 4, 7, 3) : 7.53425e-06
(1, 1, 4, 10, 1) : 8.85625e-06
(1, 1, 4, 3, 5) : 0.000127094
(0, 2, 2, 1, 4) : 2.41087e-05
(0, 2, 2, 12, 0) : 3.87041e-07
(1, 0, 4, 4, 3) : 8.4161e-07
(0, 2, 4, 9, 2) : 1.92829e-06
(1, 1, 3, 12, 1) : 2.14098e-06
(2, 0, 4, 2, 6) : 4.89844e-05
(2, 0, 5, 11, 2) : 8.84874e-07
(1, 1, 5, 11, 2) : 2.78283e-07
(0, 2, 6, 7, 3) : 5.37393e-07
(2, 0, 3, 3, 5) : 2.3961e-05
(1, 1, 2, 9, 2) : 0.000433885
(0, 1, 4, 2, 3) : 4.86235e-07
(0, 2, 1, 5, 3) : 0.00184089
(1, 0, 1, 11, 0) : 1.8563e-07
(0, 2, 5, 6, 4) : 1.06295e-06
(2, 0, 4, 5, 4) : 5.26564e-06
(2, 0, 3, 9, 2) : 5.07497e-06
(0, 1, 2, 9, 0) : 1.90718e-07
(0, 2, 4, 2, 6) : 7.81995e-07
(0, 1, 1, 4, 3) : 2.9882e-06
(1, 1, 3, 4, 6) : 7.84482e-06
(1, 1, 5, 7, 4) : 5.00893e-06
(1, 1, 1, 0, 7) : 7.78096e-06
(1, 1, 1, 9, 2) : 0.000866785
(0, 2, 5, 7, 2) : 8.36216e-06
(2, 0, 2, 7, 5) : 7.08028e-05
(0, 2, 0, 4, 2) : 9.28704e-06
(2, 0, 2, 5, 6) : 7.33949e-05
(1, 1, 5, 0, 6) : 9.6532e-07
(2, 0, 3, 2, 8) : 9.05128e-07
(1, 0, 2, 8, 1) : 4.91691e-06
(0, 2, 3, 5, 2) : 1.57337e-05
(0, 2, 7, 7, 2) : 1.66087e-07
(1, 1, 2, 0, 7) : 6.65797e-06
(1, 1, 4, 5, 3) : 7.7126e-06
(1, 1, 6, 7, 4) : 1.06114e-06
(0, 1, 3, 4, 2) : 4.49193e-06
(2, 0, 4, 1, 6) : 5.90757e-07
(2, 0, 3, 14, 1) : 2.92463e-07
(1, 0, 3, 0, 5) : 2.04213e-07
(0, 2, 4, 5, 5) : 5.05712e-07
(0, 2, 3, 10, 0) : 5.6955e-06
(0, 2, 2, 3, 4) : 0.000927438
(1, 1, 1, 6, 3) : 0.0273286
(1, 1, 2, 4, 6) : 9.50735e-06
(0, 2, 1, 2, 5) : 0.00010224
(1, 0, 0, 8, 1) : 0.000111916
(0, 2, 2, 2, 6) : 1.72646e-06
(0, 2, 1, 12, 0) : 3.73095e-07
(0, 2, 5, 2, 4) : 1.28274e-05
(2, 0, 3, 6, 3) : 4.3928e-07
(1, 1, 2, 7, 2) : 0.00010333
(0, 1, 1, 8, 0) : 4.02566e-06
(0, 2, 3, 4, 2) : 2.31331e-07
(2, 0, 6, 1, 7) : 2.23191e-07
(0, 2, 2, 6, 1) : 3.9599e-07
(1, 1, 1, 7, 2) : 0.000444192
(0, 2, 4, 7, 1) : 7.75011e-07
(2, 0, 1, 3, 7) : 2.28048e-05
(0, 1, 0, 0, 4) : 1.90235e-05
(2, 0, 3, 7, 4) : 0.000455733
(0, 2, 6, 9, 1) : 2.30587e-07
(2, 0, 0, 12, 0) : 1.5738e-07
(0, 2, 3, 3, 5) : 1.92654e-05
(1, 1, 6, 4, 6) : 2.04878e-07
(0, 1, 3, 1, 4) : 5.98876e-07
(2, 0, 0, 3, 5) : 0.00330147
(2, 0, 3, 8, 2) : 1.39428e-07
(2, 0, 6, 4, 5) : 2.49217e-06
(0, 1, 2, 8, 0) : 9.53734e-07
(0, 1, 1, 5, 1) : 1.44311e-06
(1, 1, 3, 7, 2) : 1.95999e-05
(1, 1, 5, 1, 5) : 1.98945e-07
(2, 0, 3, 3, 7) : 1.60648e-05
(1, 1, 7, 4, 5) : 2.41693e-07
(0, 2, 3, 7, 4) : 6.25535e-07
(1, 1, 2, 2, 4) : 1.96284e-06
(0, 2, 5, 6, 2) : 1.36171e-05
(1, 0, 2, 0, 5) : 1.2522e-06
(2, 0, 4, 5, 6) : 1.34011e-05
(1, 1, 0, 0, 6) : 0.00217003
(2, 0, 5, 12, 2) : 2.38761e-07
(0, 2, 4, 2, 4) : 7.87932e-05
(0, 2, 4, 1, 5) : 1.59429e-05
(1, 1, 3, 4, 4) : 0.00163376
(1, 0, 1, 1, 5) : 5.84677e-06
(0, 2, 5, 8, 1) : 2.77647e-06
(2, 0, 5, 3, 7) : 1.44855e-06
(2, 0, 2, 12, 3) : 5.30235e-07
(2, 0, 4, 0, 8) : 3.39057e-07
(0, 2, 7, 6, 2) : 2.52218e-07
(1, 1, 3, 3, 4) : 3.99021e-05
(0, 1, 1, 0, 4) : 6.50151e-06
(2, 0, 2, 5, 4) : 0.000218574
(0, 1, 3, 5, 2) : 2.17029e-06
(0, 2, 0, 10, 0) : 0.000184489
(0, 2, 1, 10, 2) : 1.71831e-07
(1, 0, 3, 4, 4) : 5.17948e-07
(2, 0, 4, 8, 3) : 6.25626e-05
(1, 1, 2, 0, 5) : 1.33897e-07
(0, 1, 1, 3, 2) : 2.55604e-06
(1, 1, 3, 9, 1) : 3.18227e-06
(1, 1, 5, 12, 1) : 1.42158e-07
(0, 2, 0, 2, 4) : 0.0156138
(2, 0, 5, 8, 4) : 6.02423e-06
(1, 1, 1, 5, 4) : 0.0057514
(0, 2, 1, 11, 0) : 6.4821e-06
(1, 1, 5, 7, 3) : 2.21577e-05
(0, 2, 3, 10, 2) : 5.03263e-07
(2, 0, 6, 9, 4) : 1.95872e-07
(0, 1, 0, 2, 3) : 0.000211238
(1, 1, 2, 7, 5) : 1.12599e-06
(1, 1, 3, 3, 5) : 0.000553351
(1, 0, 2, 5, 3) : 1.53709e-05
(2, 0, 1, 8, 3) : 0.0124616
(0, 2, 3, 7, 2) : 0.000157065
(1, 1, 1, 6, 2) : 9.9396e-06
(0, 2, 4, 4, 3) : 0.000146987
(1, 1, 4, 11, 1) : 3.25107e-06
(0, 1, 2, 5, 3) : 4.0418e-07
(2, 0, 0, 13, 0) : 3.36041e-06
(0, 2, 3, 2, 3) : 1.69043e-07
(0, 2, 5, 4, 4) : 1.01669e-05
(0, 2, 2, 6, 3) : 0.000202645
(0, 2, 6, 5, 4) : 8.95692e-07
(1, 1, 6, 8, 4) : 1.84736e-07
(1, 1, 5, 5, 4) : 3.78818e-05
(2, 0, 3, 7, 6) : 7.31404e-07
(0, 2, 1, 4, 3) : 0.0127951
(1, 1, 4, 3, 6) : 1.11815e-05
(1, 1, 6, 4, 4) : 5.66103e-06
(1, 1, 5, 10, 2) : 1.59452e-06
(1, 0, 0, 5, 2) : 2.11873e-05
(1, 1, 2, 3, 7) : 4.37882e-07
(1, 1, 1, 8, 2) : 0.0086432
(0, 1, 1, 5, 3) : 2.99577e-07
(1, 1, 5, 1, 7) : 3.96292e-07
(1, 1, 0, 12, 0) : 0.000140801
(0, 1, 2, 3, 3) : 8.8307e-06
(1, 1, 1, 13, 0) : 3.69493e-06
(0, 2, 4, 4, 4) : 3.97165e-05
(1, 1, 6, 3, 6) : 6.17042e-07
(2, 0, 3, 9, 4) : 1.70858e-05
(0, 2, 3, 3, 4) : 0.000315069
(2, 0, 3, 8, 3) : 0.000417608
(2, 0, 0, 4, 5) : 0.114522
(2, 0, 1, 13, 1) : 2.15795e-05
(0, 2, 5, 8, 3) : 4.73613e-07
(2, 0, 5, 3, 5) : 4.62345e-07
(1, 1, 2, 8, 4) : 7.54518e-06
(1, 1, 3, 2, 4) : 3.65896e-07
(2, 0, 2, 12, 1) : 4.485e-05
(1, 1, 0, 4, 3) : 5.35611e-05
(0, 2, 2, 8, 2) : 6.50233e-05
(1, 1, 4, 7, 4) : 1.75669e-05
(1, 1, 3, 8, 3) : 0.000109712
(2, 0, 1, 14, 1) : 1.14575e-06
(2, 0, 5, 7, 4) : 1.56449e-05
(2, 0, 5, 4, 5) : 2.03726e-05
(2, 0, 0, 10, 1) : 3.43176e-06
(2, 0, 2, 11, 1) : 3.39487e-06
(0, 2, 5, 3, 5) : 2.47648e-06
(2, 0, 4, 8, 5) : 2.36304e-06
(2, 0, 6, 5, 5) : 3.15569e-06
(0, 2, 2, 2, 5) : 9.8609e-05
(1, 1, 4, 8, 3) : 3.28208e-05
(2, 0, 3, 4, 7) : 4.48677e-06
(2, 0, 0, 5, 4) : 0.00517961
(0, 2, 3, 0, 6) : 2.4668e-06
(1, 1, 4, 9, 2) : 2.9554e-05
(1, 0, 1, 5, 3) : 4.1969e-05
(2, 0, 1, 8, 5) : 2.96308e-06
(0, 2, 0, 6, 1) : 3.27176e-06
(1, 1, 4, 7, 3) : 0.000116335
(0, 2, 2, 7, 1) : 1.91978e-05
(1, 1, 2, 8, 2) : 0.00208085
(0, 2, 4, 4, 5) : 2.65549e-06
(1, 1, 3, 1, 6) : 8.64421e-05
(2, 0, 2, 9, 5) : 4.71666e-07
(0, 1, 2, 5, 1) : 2.62162e-07
(2, 0, 5, 0, 7) : 3.23603e-07
(1, 1, 2, 11, 0) : 8.92717e-07
(0, 2, 1, 3, 5) : 1.86537e-05
(2, 0, 0, 14, 0) : 3.31523e-05
(1, 1, 6, 2, 5) : 2.31489e-06
(1, 0, 2, 1, 4) : 2.2721e-07
(2, 0, 4, 4, 7) : 1.98341e-06
(0, 2, 1, 10, 0) : 8.76804e-05
(0, 2, 2, 3, 5) : 2.9454e-05
(1, 1, 3, 5, 5) : 5.85431e-05
(1, 1, 3, 6, 4) : 0.00024264
(1, 0, 1, 3, 5) : 2.68607e-07
(2, 0, 1, 0, 6) : 3.90886e-07
(1, 1, 5, 5, 6) : 1.34965e-07
(2, 0, 2, 11, 2) : 0.000105891
(1, 1, 2, 10, 2) : 5.29089e-05
(0, 2, 1, 4, 5) : 2.1151e-06
(0, 2, 4, 10, 1) : 1.41656e-06
(2, 0, 4, 7, 3) : 2.9663e-06
(2, 0, 4, 2, 8) : 4.00635e-07
(2, 0, 0, 5, 3) : 2.06099e-07
(2, 0, 2, 7, 4) : 0.00179411
(2, 0, 1, 1, 7) : 0.000380389
(1, 1, 1, 2, 6) : 0.000184502
(2, 0, 2, 2, 7) : 9.51145e-05
(0, 1, 1, 8, 1) : 3.59401e-07
(2, 0, 2, 0, 8) : 3.32661e-06
(2, 0, 6, 4, 6) : 1.37754e-06
(0, 2, 2, 9, 2) : 6.73167e-06
(1, 1, 6, 7, 3) : 3.63834e-06
(1, 1, 3, 11, 1) : 1.42965e-05
(2, 0, 0, 7, 3) : 0.00305646
(0, 2, 0, 0, 4) : 6.82551e-07
(1, 0, 3, 6, 3) : 4.12589e-07
(0, 2, 1, 9, 0) : 5.24664e-06
(1, 1, 3, 2, 6) : 6.85164e-05
(0, 1, 0, 4, 2) : 0.000295346
(2, 0, 4, 9, 3) : 3.14372e-05
(0, 2, 7, 5, 3) : 4.41378e-07
(2, 0, 3, 13, 1) : 2.08042e-06
(2, 0, 0, 0, 6) : 1.83642e-06
(1, 1, 1, 13, 1) : 2.32877e-07
(1, 1, 5, 8, 4) : 1.06035e-06
(1, 1, 7, 2, 5) : 2.34752e-07
(1, 1, 2, 12, 1) : 4.95222e-06
(2, 0, 5, 4, 7) : 6.24323e-07
(1, 1, 4, 9, 1) : 5.2094e-07
(1, 0, 1, 6, 3) : 4.66646e-06
(2, 0, 2, 11, 3) : 7.68674e-06
(0, 2, 5, 3, 3) : 5.47308e-07
(0, 2, 5, 0, 6) : 2.03751e-07
(2, 0, 2, 4, 6) : 0.000380134
(1, 0, 2, 4, 3) : 3.84259e-05
(2, 0, 3, 13, 2) : 4.56279e-07
(1, 1, 4, 10, 2) : 6.83279e-06
(0, 2, 4, 5, 3) : 9.46984e-05
(0, 2, 3, 9, 3) : 1.89305e-07
(2, 0, 0, 0, 7) : 0.00158352
(0, 2, 3, 9, 2) : 4.53963e-06
(0, 1, 2, 4, 3) : 2.37817e-06
(0, 2, 3, 8, 1) : 9.00766e-05
(1, 1, 4, 2, 7) : 9.05236e-07
(1, 1, 6, 6, 4) : 3.28472e-06
(0, 2, 2, 7, 3) : 2.67272e-05
(1, 1, 6, 9, 2) : 9.10775e-07
(2, 0, 3, 7, 3) : 2.04884e-05
(1, 1, 0, 10, 0) : 4.13502e-07
(1, 1, 2, 11, 2) : 4.60687e-06
(1, 1, 0, 8, 2) : 0.0244268
(0, 2, 3, 4, 3) : 0.000792566
(2, 0, 3, 11, 2) : 2.65232e-05
(0, 2, 4, 0, 6) : 8.01674e-07
(1, 1, 3, 5, 3) : 4.68465e-05
(2, 0, 1, 0, 8) : 4.47091e-06
(1, 1, 7, 7, 3) : 2.84206e-07
(0, 1, 2, 2, 3) : 1.6896e-05
(0, 2, 1, 7, 2) : 0.000765249
(2, 0, 2, 14, 1) : 8.33033e-07
(0, 2, 5, 5, 2) : 4.53227e-07
(2, 0, 3, 8, 4) : 0.000108608
(1, 1, 4, 5, 4) : 0.000198357
(0, 1, 1, 6, 2) : 1.79747e-06
(2, 0, 2, 7, 6) : 8.60754e-07
(1, 0, 2, 9, 1) : 1.09182e-06
(2, 0, 1, 12, 1) : 0.000229279
(2, 0, 5, 5, 4) : 6.72258e-07
(1, 1, 1, 2, 4) : 8.67821e-06
(0, 2, 1, 8, 0) : 1.39855e-07
(0, 2, 2, 8, 3) : 2.68021e-06
(1, 0, 1, 8, 1) : 2.60441e-05
(2, 0, 2, 13, 1) : 8.35609e-06
(0, 2, 5, 1, 5) : 3.30541e-06
(1, 1, 2, 2, 7) : 2.31916e-06
(1, 1, 0, 5, 3) : 0.00316253
(1, 0, 0, 2, 4) : 0.00040541
(2, 0, 6, 7, 5) : 5.39087e-07
(0, 2, 2, 9, 0) : 1.49282e-06
(0, 2, 6, 0, 5) : 1.34045e-07
(1, 0, 2, 10, 1) : 1.39565e-07
(0, 2, 6, 3, 4) : 2.95376e-06
(1, 1, 5, 2, 7) : 3.14539e-07
(0, 2, 1, 9, 2) : 4.08151e-06
(1, 0, 1, 7, 1) : 1.34112e-06
(0, 2, 3, 4, 4) : 0.000120785
(2, 0, 2, 7, 3) : 0.000125446
(0, 2, 2, 5, 2) : 7.24781e-05
(0, 1, 3, 6, 2) : 4.66902e-07
(2, 0, 4, 3, 7) : 5.55135e-06
(2, 0, 3, 12, 2) : 4.40134e-06
(1, 1, 4, 9, 3) : 6.27583e-06
(2, 0, 1, 5, 4) : 0.00113755
(0, 1, 2, 7, 1) : 2.29371e-06
(1, 1, 4, 6, 4) : 7.26272e-05
(0, 2, 1, 1, 5) : 0.000317145
(0, 1, 1, 3, 4) : 2.30648e-07
(2, 0, 2, 4, 4) : 3.45904e-06
(2, 0, 1, 10, 2) : 0.00251398
(1, 1, 3, 6, 2) : 4.14785e-07
(2, 0, 6, 3, 7) : 2.37551e-07
(0, 2, 2, 0, 5) : 0.000143004
(1, 0, 1, 3, 3) : 5.17132e-06
(1, 1, 3, 7, 5) : 1.24823e-06
(1, 0, 1, 2, 4) : 9.84026e-05
(0, 2, 3, 9, 1) : 2.5649e-05
(1, 1, 5, 6, 5) : 1.79914e-06
(1, 1, 0, 11, 0) : 1.13199e-05
(0, 2, 1, 5, 4) : 2.84844e-05
(1, 1, 4, 2, 5) : 0.000112333
(0, 2, 4, 8, 1) : 1.68674e-05
(2, 0, 2, 3, 6) : 0.00121679
(2, 0, 0, 11, 1) : 8.65693e-05
(2, 0, 3, 10, 2) : 8.30033e-05
(0, 2, 2, 4, 4) : 0.000251613
(2, 0, 5, 9, 4) : 1.49779e-06
(1, 1, 1, 6, 4) : 0.000643501
(2, 0, 3, 0, 8) : 1.25755e-06
(2, 0, 3, 5, 7) : 6.69313e-07
(2, 0, 6, 8, 4) : 9.64812e-07
(0, 2, 1, 6, 2) : 0.00708653
(0, 2, 4, 11, 1) : 2.05351e-07
(2, 0, 2, 8, 4) : 0.000294489
(1, 1, 5, 9, 2) : 5.61616e-06
(1, 1, 2, 1, 6) : 0.000285452
(2, 0, 3, 4, 5) : 0.00097085
(0, 1, 1, 7, 2) : 1.32641e-07
(2, 0, 3, 1, 6) : 3.95233e-06
(0, 1, 2, 1, 4) : 2.16117e-06
(2, 0, 5, 1, 7) : 1.4754e-06
(1, 1, 4, 12, 1) : 6.40045e-07
(0, 2, 3, 6, 2) : 0.0004456
(0, 2, 5, 5, 4) : 3.94132e-06
(1, 1, 0, 2, 5) : 0.0393556
(0, 2, 2, 10, 0) : 2.54445e-05
(1, 1, 4, 5, 6) : 6.56686e-07
(0, 2, 4, 3, 6) : 2.3024e-07
(1, 1, 3, 10, 1) : 5.28008e-05
(0, 2, 1, 2, 3) : 2.97272e-06
(2, 0, 1, 12, 3) : 2.14418e-07
(0, 2, 0, 2, 3) : 7.08125e-06
(2, 0, 5, 5, 6) : 3.47709e-06
(0, 2, 1, 8, 2) : 6.4373e-05
(0, 2, 7, 4, 3) : 4.43398e-07
(1, 1, 1, 9, 3) : 1.77885e-05
(1, 1, 1, 12, 1) : 5.57367e-06
(2, 0, 3, 2, 7) : 3.57113e-05
(1, 1, 5, 2, 5) : 1.70167e-05
(0, 2, 2, 2, 3) : 7.97978e-07
(1, 1, 2, 13, 1) : 3.54456e-07
(1, 1, 2, 6, 4) : 0.000563018
(1, 0, 1, 7, 3) : 3.28428e-07
(2, 0, 4, 10, 2) : 1.23588e-05
(2, 0, 2, 2, 5) : 1.36969e-06
(2, 0, 4, 3, 5) : 3.53975e-06
(0, 2, 0, 4, 3) : 0.0282464
(0, 2, 4, 7, 4) : 3.88695e-07
(2, 0, 2, 8, 2) : 8.87836e-07
(0, 1, 3, 8, 0) : 1.79031e-07
(2, 0, 5, 1, 8) : 1.52394e-07
(2, 0, 6, 10, 2) : 1.75167e-07
(1, 1, 2, 5, 6) : 1.15534e-06
(2, 0, 0, 3, 4) : 2.00742e-07
(1, 1, 1, 1, 7) : 4.16966e-06
(1, 1, 3, 12, 2) : 2.4112e-07
(1, 0, 2, 7, 2) : 6.80889e-06
(1, 1, 1, 4, 4) : 0.0345679
(0, 2, 4, 6, 2) : 8.30323e-05
(2, 0, 3, 3, 8) : 2.22118e-07
(0, 1, 0, 1, 3) : 2.74585e-06
(2, 0, 4, 12, 2) : 1.1455e-06
(2, 0, 5, 2, 6) : 6.81892e-06
(0, 2, 4, 8, 3) : 1.26322e-06
(1, 1, 3, 13, 0) : 5.51887e-07
(2, 0, 2, 3, 8) : 2.37276e-07
(2, 0, 3, 9, 5) : 3.24474e-07
(2, 0, 2, 9, 3) : 0.000625449
(2, 0, 3, 10, 4) : 1.98135e-06
(0, 2, 2, 4, 2) : 1.08241e-06
(1, 1, 3, 4, 3) : 7.11649e-07
(0, 2, 6, 6, 2) : 2.0011e-06
(2, 0, 3, 5, 5) : 0.000606615
(1, 1, 7, 6, 3) : 4.49574e-07
(1, 1, 2, 8, 3) : 0.000254312
(1, 0, 1, 10, 1) : 2.10949e-07
(0, 2, 3, 1, 6) : 2.99067e-06
(2, 0, 6, 6, 4) : 2.4408e-06
(0, 2, 2, 11, 0) : 3.94586e-06
(1, 1, 1, 10, 3) : 8.00553e-07
(0, 1, 1, 7, 0) : 1.95387e-07
(0, 2, 6, 2, 5) : 8.12524e-07
(1, 1, 5, 3, 6) : 3.20909e-06
(2, 0, 0, 8, 3) : 0.0527858
(2, 0, 3, 2, 5) : 2.21725e-07
(0, 2, 3, 5, 5) : 8.29101e-07
(1, 0, 1, 9, 1) : 3.30153e-06
(0, 2, 3, 6, 4) : 5.45186e-06
(0, 2, 6, 8, 2) : 5.70223e-07
(1, 0, 2, 2, 4) : 1.90746e-05
(2, 0, 4, 7, 5) : 1.28436e-05
(0, 2, 2, 10, 2) : 5.46282e-07
(0, 2, 4, 3, 4) : 7.96903e-05
(1, 1, 3, 10, 3) : 1.79459e-06
(0, 2, 5, 10, 0) : 1.76911e-07
(0, 2, 0, 7, 1) : 0.000150898
(0, 1, 4, 5, 2) : 4.59908e-07
(2, 0, 2, 10, 4) : 2.66427e-06
(2, 0, 4, 11, 2) : 5.25604e-06
(1, 1, 0, 6, 2) : 3.1178e-05
(0, 2, 1, 2, 6) : 6.47564e-07
(0, 1, 1, 1, 4) : 4.60347e-06
(2, 0, 0, 6, 3) : 7.70505e-05
(0, 1, 3, 3, 3) : 2.4338e-06
(0, 1, 0, 8, 0) : 1.11508e-05
(1, 1, 4, 5, 5) : 2.25207e-05
(2, 0, 5, 6, 6) : 1.01396e-06
(1, 1, 1, 3, 6) : 3.31214e-05
(0, 2, 3, 11, 1) : 4.80552e-07
(1, 1, 5, 4, 5) : 1.59988e-05
(0, 1, 2, 6, 1) : 9.24052e-06
(1, 1, 2, 6, 2) : 2.23907e-06
(2, 0, 1, 1, 6) : 0.000118893
(0, 2, 3, 2, 6) : 1.5137e-06
(1, 1, 6, 5, 5) : 1.34923e-06
(1, 0, 2, 6, 2) : 2.30647e-05
(2, 0, 4, 6, 4) : 0.000147167
(1, 1, 2, 3, 5) : 0.00183649
(1, 0, 0, 9, 0) : 5.14535e-07
(0, 2, 2, 6, 4) : 6.04185e-06
(1, 0, 3, 2, 4) : 3.05793e-06
(0, 2, 4, 7, 2) : 4.00174e-05
(1, 0, 3, 1, 5) : 5.28946e-07
(1, 1, 3, 3, 6) : 2.91103e-05
(2, 0, 4, 13, 2) : 1.68341e-07
(2, 0, 1, 4, 4) : 1.87277e-05
(1, 1, 2, 5, 4) : 0.00288597
(0, 2, 4, 9, 1) : 6.56308e-06
(1, 1, 3, 12, 0) : 2.34165e-06
(1, 1, 1, 4, 5) : 0.000603755
(2, 0, 4, 2, 7) : 9.55721e-06
(1, 0, 0, 6, 2) : 0.000515147
(2, 0, 5, 11, 3) : 3.4526e-07
(0, 2, 6, 7, 2) : 1.48184e-06
(1, 1, 6, 10, 2) : 2.70387e-07
(0, 1, 2, 3, 4) : 3.07237e-07
(2, 0, 4, 6, 6) : 3.24329e-06
(1, 1, 0, 0, 5) : 1.85239e-06
(2, 0, 6, 2, 7) : 3.463e-07
(1, 1, 1, 9, 1) : 7.23067e-05
(1, 0, 3, 4, 3) : 6.0487e-06
(2, 0, 1, 2, 7) : 0.000128151
(1, 1, 5, 7, 5) : 1.57623e-07
(2, 0, 3, 9, 3) : 0.000157703
(1, 1, 2, 8, 1) : 4.66318e-07
(0, 2, 3, 1, 4) : 5.16098e-06
(0, 2, 6, 9, 2) : 1.25814e-07
(2, 0, 1, 4, 6) : 0.000513872
(2, 0, 6, 6, 6) : 1.59827e-07
(1, 1, 1, 10, 1) : 0.00112991
(1, 1, 5, 3, 4) : 9.62026e-07
(0, 2, 0, 3, 3) : 0.000730534
(1, 0, 2, 3, 4) : 1.20595e-05
(0, 1, 4, 4, 2) : 6.78001e-07
(0, 2, 3, 5, 3) : 0.00037315
(1, 0, 0, 1, 4) : 5.53735e-06
(1, 1, 0, 7, 2) : 0.00132356
(0, 1, 3, 4, 3) : 7.35257e-07
(0, 2, 3, 3, 3) : 1.88763e-05
(2, 0, 3, 14, 0) : 2.42925e-07
(0, 2, 2, 3, 3) : 8.75981e-05
(0, 2, 4, 5, 4) : 1.26917e-05
(1, 1, 3, 0, 7) : 2.85998e-06
(1, 0, 1, 5, 4) : 5.05624e-07
(0, 2, 1, 0, 5) : 0.000513924
(1, 1, 2, 2, 6) : 0.000159301
(2, 0, 0, 2, 5) : 3.54815e-05
(0, 1, 1, 2, 3) : 7.28579e-05
(1, 1, 4, 4, 4) : 0.000275971
(2, 0, 2, 6, 6) : 9.82369e-06
(0, 2, 0, 9, 0) : 1.13521e-05
(2, 0, 5, 6, 4) : 2.01658e-05
(1, 1, 1, 3, 4) : 0.000895683
(1, 1, 4, 11, 2) : 1.08127e-06
(1, 0, 2, 4, 4) : 3.54645e-06
(1, 1, 4, 0, 7) : 8.58602e-07
(0, 2, 2, 5, 3) : 0.00109365
(0, 1, 3, 2, 3) : 3.1375e-06
(2, 0, 1, 9, 2) : 0.000166118
(1, 1, 1, 7, 3) : 0.00339607
(1, 1, 1, 4, 6) : 3.68934e-06
(1, 1, 5, 5, 3) : 1.11348e-06
(2, 0, 1, 7, 3) : 0.000659567
(2, 0, 3, 7, 5) : 3.74073e-05
(1, 1, 2, 7, 3) : 0.00170125
(2, 0, 0, 12, 1) : 0.000996105
(2, 0, 1, 10, 4) : 1.09237e-06
(0, 2, 2, 1, 5) : 0.000186532
(1, 1, 2, 3, 4) : 0.000209196
(1, 0, 1, 3, 4) : 3.24495e-05
(1, 1, 3, 7, 3) : 0.00050959
(1, 1, 7, 4, 4) : 5.90709e-07
(1, 1, 2, 9, 3) : 2.68451e-05
(0, 2, 1, 5, 2) : 0.000260764
(1, 1, 6, 0, 6) : 1.24124e-07
(1, 0, 2, 3, 5) : 3.14441e-07
(1, 1, 4, 8, 4) : 3.06477e-06
(2, 0, 4, 5, 5) : 0.000122623
(2, 0, 5, 12, 1) : 1.41961e-07
(0, 2, 4, 2, 5) : 1.53393e-05
(0, 1, 1, 4, 2) : 0.000103229
(0, 2, 4, 1, 4) : 9.37549e-07
(1, 0, 1, 1, 4) : 1.27116e-06
(2, 0, 1, 2, 5) : 7.31471e-06
(0, 2, 1, 6, 4) : 2.18446e-06
(1, 1, 5, 6, 3) : 3.25898e-05
(2, 0, 3, 6, 4) : 0.00097568
(2, 0, 2, 5, 7) : 7.35761e-07
(1, 1, 3, 8, 4) : 6.28798e-06
(1, 1, 5, 0, 7) : 2.03791e-07
(0, 2, 2, 1, 6) : 4.62873e-06
(1, 1, 4, 3, 7) : 2.3504e-07
(0, 1, 0, 5, 1) : 4.18288e-06
(2, 0, 6, 5, 6) : 5.98572e-07
(1, 1, 2, 0, 6) : 0.000188675
(2, 0, 0, 6, 4) : 0.119439
(1, 1, 6, 9, 3) : 3.69689e-07
(2, 0, 1, 15, 0) : 6.32156e-07
(1, 1, 1, 5, 5) : 6.55974e-05
(0, 2, 1, 11, 1) : 4.41534e-07
(1, 0, 1, 5, 2) : 4.69043e-06
(0, 2, 3, 10, 1) : 4.23594e-06
(0, 1, 0, 6, 1) : 0.000110668
(0, 2, 7, 3, 4) : 3.45501e-07
(1, 1, 2, 4, 5) : 0.000525018
(1, 1, 0, 1, 5) : 0.000540832
(1, 1, 2, 7, 4) : 7.54827e-05
(2, 0, 0, 1, 6) : 0.000516585
(1, 1, 4, 4, 6) : 3.81102e-06
(0, 2, 5, 2, 5) : 3.91333e-06
(2, 0, 1, 8, 2) : 4.9107e-06
(2, 0, 6, 2, 6) : 8.17438e-07
(2, 0, 1, 2, 8) : 5.08656e-07
(2, 0, 1, 3, 5) : 0.000740384
(2, 0, 4, 10, 4) : 8.72053e-07
(2, 0, 6, 8, 3) : 1.00114e-06
(1, 1, 2, 5, 5) : 9.72559e-05
(2, 0, 5, 10, 3) : 1.69e-06
(2, 0, 3, 6, 5) : 0.000187663
(2, 0, 1, 3, 6) : 0.00300336
(1, 1, 5, 5, 5) : 6.45112e-06
(1, 1, 2, 10, 1) : 0.00027178
(0, 2, 1, 4, 2) : 3.98149e-06
(2, 0, 1, 4, 5) : 0.0279476
(2, 0, 2, 1, 7) : 0.000156297
(1, 1, 6, 4, 5) : 3.08304e-06
(0, 2, 0, 8, 0) : 3.10377e-07
(1, 1, 2, 3, 6) : 4.85632e-05
(0, 1, 2, 8, 1) : 2.95348e-07
(1, 1, 1, 8, 1) : 2.07089e-06
(0, 1, 1, 5, 2) : 1.68615e-05
(0, 2, 4, 6, 4) : 2.84386e-06
(0, 2, 6, 4, 3) : 3.52002e-06
(2, 0, 3, 3, 6) : 0.000314733
(1, 1, 2, 9, 1) : 1.68079e-05
(1, 0, 2, 3, 3) : 9.05479e-07
(1, 1, 6, 3, 5) : 4.04149e-06
(1, 1, 5, 11, 1) : 6.16543e-07
(0, 2, 5, 7, 3) : 2.34911e-06
(1, 1, 4, 2, 6) : 2.05448e-05
(0, 2, 4, 1, 6) : 1.2339e-06
(1, 1, 3, 4, 5) : 0.000226039
(0, 2, 5, 8, 2) : 2.70104e-06
(2, 0, 5, 3, 6) : 1.11402e-05
(1, 0, 3, 5, 3) : 3.5991e-06
(2, 0, 2, 12, 2) : 1.20879e-05
(1, 0, 0, 3, 3) : 2.29946e-05
(0, 2, 7, 6, 3) : 1.58191e-07
(0, 2, 1, 0, 4) : 2.81977e-07
(2, 0, 2, 5, 5) : 0.00236814
(1, 1, 3, 8, 2) : 0.000404955
(0, 2, 3, 7, 1) : 4.20023e-06
(2, 0, 1, 14, 0) : 7.54916e-06
(1, 0, 0, 10, 0) : 7.51227e-06
(2, 0, 5, 7, 5) : 3.31147e-06
(2, 0, 0, 10, 2) : 0.0107925
(1, 1, 4, 6, 3) : 0.000216464
(0, 1, 1, 3, 3) : 1.87085e-05
(2, 0, 2, 0, 7) : 8.45549e-05
(2, 0, 5, 8, 5) : 7.30738e-07
(2, 0, 1, 1, 8) : 2.38133e-06
(2, 0, 2, 10, 2) : 0.000495334
(2, 0, 3, 4, 6) : 0.000141809
(1, 1, 2, 4, 3) : 3.83162e-06
(1, 1, 6, 6, 3) : 4.40857e-06
(1, 0, 2, 5, 2) : 8.04842e-07
(2, 0, 1, 8, 4) : 0.000400947
(0, 2, 0, 6, 2) : 0.015415
(1, 1, 1, 11, 1) : 9.56555e-05
(2, 0, 0, 4, 4) : 9.31097e-05
(1, 1, 3, 1, 7) : 3.59805e-06
(2, 0, 2, 9, 4) : 3.25104e-05
(1, 1, 7, 6, 4) : 2.79297e-07
(0, 1, 2, 5, 2) : 8.01388e-06
(1, 0, 3, 8, 1) : 6.84921e-07
(1, 0, 4, 7, 2) : 2.93977e-07
(1, 0, 2, 1, 5) : 2.20406e-06
(0, 2, 5, 4, 5) : 9.90197e-07
(1, 1, 0, 3, 4) : 0.00268159
(2, 0, 3, 11, 1) : 5.46399e-07
(0, 2, 2, 6, 2) : 0.00201721
(0, 2, 4, 0, 5) : 5.7165e-06
(1, 1, 3, 5, 6) : 1.27907e-06
(1, 0, 1, 0, 5) : 6.37429e-06
(1, 1, 3, 6, 3) : 0.00128504
(1, 1, 6, 8, 3) : 1.44898e-06
(0, 1, 0, 3, 2) : 7.55161e-06
(0, 2, 6, 4, 4) : 2.13827e-06
(1, 1, 2, 10, 3) : 2.16795e-06
(0, 2, 1, 4, 4) : 0.000256523
(0, 2, 4, 10, 2) : 2.38646e-07
(0, 2, 3, 3, 6) : 3.86662e-07
(1, 1, 5, 10, 3) : 3.00677e-07
(2, 0, 4, 6, 5) : 4.95848e-05
(0, 2, 2, 5, 4) : 4.57999e-05
(1, 1, 1, 8, 3) : 0.000289069
(0, 2, 3, 12, 0) : 1.92e-07
(1, 1, 5, 1, 6) : 3.83839e-06
(0, 1, 2, 3, 2) : 5.26035e-07
(2, 0, 2, 13, 2) : 9.46247e-07
(2, 0, 1, 7, 4) : 0.00452549
(2, 0, 5, 6, 5) : 1.05264e-05
(0, 1, 3, 6, 1) : 1.72803e-06
(2, 0, 1, 13, 0) : 6.96279e-07
(2, 0, 2, 10, 3) : 8.39586e-05
(0, 2, 0, 0, 5) : 0.00115951
(0, 1, 2, 0, 4) : 1.49933e-06
(0, 2, 1, 9, 1) : 0.00012324
(1, 1, 3, 2, 5) : 0.000662677
(2, 0, 1, 4, 7) : 2.50295e-06
(2, 0, 4, 9, 2) : 7.2473e-07
(1, 1, 2, 6, 5) : 1.28315e-05
(0, 2, 1, 0, 6) : 5.53828e-06
(1, 1, 4, 7, 5) : 6.60751e-07
(2, 0, 5, 7, 3) : 3.63835e-07
(1, 1, 2, 12, 2) : 3.12962e-07
(2, 0, 5, 4, 6) : 8.05161e-06
(0, 2, 1, 10, 1) : 8.40684e-06
(2, 0, 1, 5, 3) : 1.30819e-07
(0, 2, 5, 3, 4) : 1.65549e-05
(0, 2, 5, 0, 5) : 9.2774e-07
(0, 2, 4, 8, 2) : 1.05549e-05
(2, 0, 4, 9, 4) : 5.85986e-06
(1, 1, 1, 14, 0) : 1.86762e-07
(2, 0, 2, 4, 7) : 5.99812e-06
(0, 2, 6, 1, 5) : 5.89298e-07
(1, 1, 1, 0, 6) : 0.00077279
(0, 2, 4, 5, 2) : 2.88694e-06
(1, 1, 4, 8, 2) : 6.80576e-05
(0, 2, 2, 8, 1) : 0.000405126
(2, 0, 3, 4, 4) : 5.5342e-07
(0, 1, 2, 4, 2) : 2.41047e-05
(2, 0, 6, 9, 3) : 7.67309e-07
(1, 0, 4, 6, 2) : 4.82964e-07
(0, 1, 3, 0, 4) : 2.77637e-07
(1, 1, 6, 6, 5) : 3.12486e-07
(1, 0, 2, 5, 4) : 5.86711e-07
(2, 0, 4, 0, 7) : 2.30166e-06
(2, 0, 5, 9, 3) : 5.3419e-06
(1, 1, 3, 9, 3) : 1.62707e-05
(1, 1, 3, 1, 5) : 8.14219e-06
(1, 0, 1, 4, 4) : 5.32921e-06
(1, 1, 0, 10, 1) : 0.00318233
(1, 1, 2, 11, 1) : 4.78766e-05
(0, 2, 1, 3, 4) : 0.00157057
(2, 0, 2, 9, 2) : 3.13136e-05
(1, 0, 0, 4, 3) : 0.000839364
(2, 0, 3, 11, 3) : 3.9882e-06
(1, 1, 3, 5, 4) : 0.000866579
(0, 2, 6, 5, 3) : 3.51842e-06
(2, 0, 1, 7, 5) : 5.32057e-05
(2, 0, 1, 0, 7) : 0.000405883
(0, 2, 1, 7, 3) : 1.63683e-05
(0, 1, 4, 1, 4) : 1.27831e-07
(0, 2, 4, 10, 0) : 1.07187e-06
(0, 2, 5, 5, 3) : 1.97264e-05
(1, 1, 5, 10, 1) : 1.32693e-06
(1, 0, 4, 2, 4) : 4.31526e-07
(0, 2, 4, 3, 3) : 3.44531e-06
(1, 1, 6, 8, 2) : 1.36862e-06
(1, 1, 2, 2, 5) : 0.00337597
(2, 0, 5, 5, 5) : 2.11258e-05
(1, 1, 1, 2, 7) : 8.96664e-07
(1, 1, 0, 4, 4) : 0.0979678
(1, 0, 1, 8, 2) : 1.59581e-06
(2, 0, 2, 13, 0) : 1.29269e-07
(1, 1, 1, 1, 6) : 0.000564209
(0, 2, 7, 4, 4) : 2.01682e-07
(2, 0, 6, 7, 4) : 2.30568e-06
(0, 2, 2, 9, 3) : 1.51705e-07
(1, 1, 3, 11, 0) : 1.68765e-07
(1, 0, 2, 10, 0) : 3.24566e-07
(2, 0, 1, 13, 2) : 7.0973e-07
(1, 1, 5, 2, 6) : 4.86489e-06
(1, 1, 7, 5, 4) : 5.91843e-07
(1, 0, 3, 6, 2) : 3.52875e-06
(1, 1, 3, 2, 7) : 1.86967e-06
(1, 1, 0, 2, 4) : 2.74181e-05
(2, 0, 2, 2, 8) : 1.21356e-06
(2, 0, 4, 3, 6) : 6.41626e-05
(2, 0, 4, 8, 4) : 2.85394e-05
(1, 1, 2, 12, 0) : 1.20702e-05
(1, 1, 4, 3, 4) : 6.59422e-06
(2, 0, 2, 8, 5) : 7.17983e-06
(1, 0, 1, 6, 2) : 0.000121258
(2, 0, 1, 5, 5) : 0.00591398
(1, 0, 0, 0, 5) : 2.56579e-05
(1, 1, 2, 5, 3) : 0.000246387
(2, 0, 2, 4, 5) : 0.00566035
(1, 1, 3, 9, 4) : 5.55581e-07
(2, 0, 6, 3, 6) : 1.68064e-06
(0, 2, 2, 0, 6) : 5.23632e-06
(1, 1, 1, 5, 3) : 0.00105763
(1, 0, 1, 2, 5) : 1.88961e-06
(2, 0, 2, 1, 8) : 3.13956e-06
(1, 1, 5, 6, 4) : 1.71239e-05
(2, 0, 4, 12, 1) : 1.1058e-06
(2, 0, 3, 0, 7) : 1.48426e-05
(0, 2, 3, 2, 4) : 0.000426741
(1, 0, 3, 9, 1) : 2.4636e-07
(0, 2, 3, 0, 5) : 3.10752e-05
(2, 0, 2, 3, 5) : 0.00014397
(2, 0, 1, 11, 1) : 1.8154e-05
(1, 0, 0, 7, 1) : 6.13652e-06
(0, 2, 2, 4, 5) : 5.72899e-06
(0, 2, 2, 7, 4) : 5.05945e-07
(1, 0, 3, 3, 4) : 2.85837e-06
(1, 1, 5, 7, 2) : 4.55198e-07
(0, 2, 2, 5, 5) : 6.77909e-07
(2, 0, 1, 11, 3) : 5.76633e-06
(0, 2, 4, 11, 0) : 3.51991e-07
(1, 1, 6, 2, 6) : 9.15542e-07
(1, 1, 5, 9, 3) : 1.76217e-06
(2, 0, 3, 1, 7) : 4.08986e-05
(0, 1, 2, 2, 4) : 1.12452e-06
(0, 2, 1, 7, 1) : 6.82876e-05
(0, 1, 1, 9, 0) : 3.95197e-07
(2, 0, 2, 14, 0) : 1.46703e-06
(2, 0, 3, 8, 5) : 5.36213e-06
(0, 2, 2, 10, 1) : 8.60769e-06
(1, 1, 1, 11, 2) : 3.03254e-06
(0, 1, 1, 6, 1) : 3.92834e-05
(2, 0, 4, 1, 8) : 5.80817e-07
(0, 1, 3, 7, 1) : 5.68597e-07
(2, 0, 1, 12, 2) : 1.65715e-05
(1, 1, 7, 3, 5) : 3.70021e-07
(0, 2, 2, 3, 6) : 3.20116e-07
(1, 1, 1, 2, 5) : 0.0139165
(1, 0, 3, 7, 2) : 1.57179e-06
(0, 2, 1, 8, 1) : 0.00140987
(0, 2, 5, 1, 4) : 1.49216e-07
(0, 2, 3, 8, 3) : 2.44482e-06
(0, 2, 2, 9, 1) : 7.43599e-05
(1, 1, 1, 12, 0) : 5.02062e-05
(2, 0, 2, 6, 3) : 2.77303e-06
(1, 1, 3, 11, 2) : 2.79964e-06
(0, 2, 6, 3, 5) : 5.13178e-07
(2, 0, 1, 5, 6) : 5.52561e-05
(1, 1, 2, 13, 0) : 1.85e-06
(0, 1, 4, 6, 1) : 2.34414e-07
(1, 0, 1, 7, 2) : 1.90102e-05
(0, 2, 3, 4, 5) : 5.1059e-06
(2, 0, 4, 10, 3) : 8.05188e-06
(2, 0, 1, 6, 5) : 0.000686514
(1, 1, 1, 1, 5) : 0.000181113
(0, 1, 3, 2, 4) : 3.04679e-07
(2, 0, 3, 12, 3) : 3.88856e-07
(1, 1, 5, 3, 5) : 2.43526e-05
(2, 0, 3, 1, 8) : 1.67429e-06
(0, 2, 0, 1, 4) : 0.0002059
(1, 1, 4, 9, 4) : 3.13777e-07
(1, 1, 0, 8, 1) : 6.44968e-06
(2, 0, 6, 10, 3) : 2.29394e-07
(2, 0, 1, 9, 4) : 2.44028e-05
(0, 2, 1, 1, 4) : 8.84648e-05
(1, 1, 4, 6, 5) : 5.19211e-06
(1, 1, 4, 0, 6) : 6.34424e-06
(1, 0, 2, 7, 3) : 3.70156e-07
(2, 0, 1, 10, 3) : 0.000114711
(2, 0, 5, 8, 3) : 8.50931e-06
(0, 2, 4, 6, 3) : 3.24414e-05
(1, 1, 3, 7, 4) : 4.5603e-05
(0, 2, 3, 9, 0) : 3.29268e-07
(1, 1, 6, 10, 1) : 1.68045e-07
(2, 0, 4, 12, 3) : 1.71118e-07
(1, 0, 4, 5, 3) : 6.78305e-07
(1, 1, 4, 1, 5) : 1.35212e-06
(1, 1, 3, 13, 1) : 2.1569e-07
(2, 0, 2, 3, 7) : 3.02025e-05
(2, 0, 3, 10, 3) : 3.0796e-05
(0, 2, 2, 4, 3) : 0.00361019
(1, 1, 1, 6, 5) : 4.92434e-06
(0, 2, 6, 6, 3) : 1.75737e-06
(2, 0, 3, 5, 6) : 3.8919e-05
(0, 1, 4, 3, 3) : 5.18227e-07
(0, 2, 1, 6, 3) : 0.000203486
(2, 0, 2, 15, 0) : 2.43228e-07
(0, 2, 5, 4, 3) : 2.40153e-05
(2, 0, 6, 6, 5) : 1.76728e-06
(1, 1, 2, 1, 7) : 6.03236e-06
(1, 1, 1, 10, 2) : 5.98344e-05
(2, 0, 5, 10, 2) : 1.66326e-06
(0, 2, 2, 7, 2) : 0.000457963
(0, 1, 2, 1, 3) : 1.94604e-07
(1, 1, 4, 12, 0) : 3.92073e-07
(0, 2, 3, 6, 3) : 9.81058e-05
(1, 1, 6, 1, 6) : 6.39561e-07
(2, 0, 4, 7, 4) : 9.14459e-05
(0, 2, 5, 9, 2) : 6.02575e-07
(1, 1, 7, 8, 2) : 1.23045e-07
(1, 1, 2, 4, 4) : 0.00835425
(1, 1, 1, 11, 0) : 3.84138e-06
(1, 1, 3, 10, 2) : 2.28495e-05
